4687
8876
5249
7585
7633
6535
9561
1940
4200
9477
9838
5872
5758
7547
2979
7959
3221
4059
1715
5566
9579
8951
2380
6416
6231
9619
5393
865
4027
1800
6737
4354
7944
473
9913
5828
8261
6395
4127
865
9732
3721
5045
2036
8964
6508
9482
7077
7190
7136
8333
8029
5339
2974
465
8505
9356
7739
8690
2110
3929
5149
2894
9089
4823
9391
4076
993
7721
9693
5707
5542
8169
9883
5113
4714
3074
6714
7306
6287
2149
6440
5991
25
8676
8063
6420
3816
3102
42
4155
6881
9808
7348
6364
7620
4533
2760
9194
8030
4767
7360
9614
7488
2108
3683
8120
7843
9744
8115
2834
5292
3546
8438
5351
4086
3435
7231
7583
3010
1923
7758
4445
8980
7159
4639
3799
8685
6900
5523
7997
801
4422
8700
3834
1169
9326
7004
7953
3903
2964
9698
8774
5993
9540
6556
958
5027
7457
5561
764
2451
6899
7587
6864
2433
9562
9555
1232
3560
450
2433
5718
3445
5519
2238
3068
4538
4988
4025
394
8646
7048
799
6401
4668
5672
7171
5914
3210
9052
5253
2694
1139
289
9879
2779
2888
4988
7739
5568
3357
10000
8727
3607
9320
8161
288
4917
1725
1290
8131
9929
6098
945
9309
3898
2770
9992
8628
8292
7342
5449
3392
5383
3235
1229
8311
7382
5920
7093
5881
5035
5899
4389
4993
5087
5599
6188
5174
653
5461
2801
6654
5553
4176
8767
8269
952
9360
4709
6643
1961
6461
9096
4560
36
9815
7262
4264
8044
2118
9752
9611
8869
5628
6831
5108
2952
8596
620
9063
2157
5267
6967
5484
9804
6315
9166
2882
4183
7251
4585
8326
4794
6891
9448
959
5079
992
4579
5015
7434
395
6825
7643
4862
8209
1599
5201
6081
8015
5037
5711
4871
3985
831
9198
8849
5128
7630
2618
2006
3696
8041
1397
3986
9746
749
191
8640
5612
5542
409
5375
5367
5368
9615
64
4193
2568
9780
1492
2706
5103
5841
7482
7329
3701
7758
8161
4967
8383
8763
2490
5865
9373
1564
4258
521
1522
8616
8124
9338
8192
5894
3345
6786
3421
8720
5706
194
9356
9909
2462
2296
6353
3060
3217
1967
4946
5618
3337
7198
5963
323
594
7765
1964
4508
9491
4245
153
8443
7852
9184
634
1419
9793
7857
3799
2678
5610
3786
1399
2407
4517
471
212
4774
4514
1426
2444
357
8261
7964
5388
9801
4432
9265
4598
744
7901
2414
759
9684
6005
7249
9518
6720
3275
9195
451
652
8895
4478
4590
9970
1906
2322
1668
2089
3574
8777
1162
4349
9134
907
5658
7148
491
1402
2678
2600
8929
8227
3936
4305
8391
691
6478
7012
5591
7543
8765
2315
1498
905
7350
2341
1548
6055
9229
4975
2299
838
4300
7388
8056
1137
31
7263
7358
429
9694
6895
738
9658
2175
315
2125
1948
3510
7842
3073
6855
3477
4293
144
2366
3768
1998
165
7378
7428
3646
5707
6603
593
2723
3732
3823
5725
993
7714
9667
4842
2978
705
9892
4650
4833
9863
4752
2325
1895
2052
5866
6992
9023
7770
6660
6525
9973
5968
1917
9030
3533
1554
3923
9515
5349
1257
8302
728
138
4416
7000
6832
6864
803
9737
2474
1903
7015
7343
943
2848
4327
8736
1556
1224
498
3235
5163
4856
3805
3726
1009
7639
6307
4479
5424
7381
6375
7460
7770
9649
5523
7904
3656
2847
7918
1004
708
7162
7104
4163
2182
3609
8594
1636
52
119
4236
5871
8143
7126
2675
3579
653
6309
8251
5420
8512
4292
4591
7287
6999
9777
8058
2232
7232
6250
6206
1236
1954
9821
5451
4601
1683
2932
3094
6392
9571
8612
40
589
3600
5174
2090
4220
6876
613
3687
6268
9196
3952
9292
7962
5027
8920
9544
5886
4027
8328
3056
4669
9962
8493
7721
5564
9074
8974
535
1441
3150
1146
1780
881
9985
8250
2549
9158
712
6900
1035
7084
5985
9267
114
1237
907
9254
1289
6103
7398
3492
8487
8932
89
9974
9928
1312
1413
5713
1686
231
3984
2930
114
5661
2342
6581
8407
5309
678
1996
3325
515
7306
3123
2265
9134
2991
4771
1456
7984
7700
8310
1823
6587
2592
9689
661
1028
6049
1617
7277
7218
2953
4335
1541
4631
7721
8768
1177
1904
1745
2093
5001
9989
5224
4631
9062
5556
5731
913
156
6518
252
9929
5518
553
3292
3060
8895
6539
5221
3
4712
4552
6950
2705
9259
1627
7934
3858
8135
893
5731
3840
2380
6154
5922
5747
365
8833
8108
4884
6609
2627
9839
8168
8667
1369
9537
2507
6680
930
2022
1320
4382
4574
4707
487
7314
9808
6546
3548
2340
2877
3375
7645
7919
2697
3570
6095
6062
1254
6691
8968
4256
7746
3999
6239
4235
1427
1412
978
6691
6034
493
3781
6758
4988
6375
705
7398
1619
1975
7632
5789
8741
7588
1150
4284
1977
2931
6046
3832
8828
6899
851
700
2183
2785
9633
49
4969
6903
8885
9608
2327
5890
5445
4029
8647
205
5823
4612
5555
6606
1097
6485
5699
2456
5377
2492
4326
6665
6923
7958
6349
5749
2714
6142
7585
9662
1496
3097
2742
1852
9605
855
2381
1177
8
2533
330
1633
7039
7571
2072
5157
4759
7704
8544
885
6660
6587
7315
1590
8676
4624
8312
4818
6531
7055
2417
6045
7829
8033
5246
5247
3294
6103
557
4170
6233
4866
909
2019
5896
6378
8938
1568
4790
2235
4559
1419
7021
8593
7554
9434
4690
5908
6000
9786
5665
8231
9704
5677
7288
1014
4349
6980
7963
4248
2462
5977
7854
4986
7148
7458
8555
1942
6089
1792
8254
9312
2567
4089
8635
1678
2086
5092
3271
1757
769
7861
7137
8874
4765
8716
6103
8746
6484
6950
2598
3662
1595
1013
5271
3160
8790
6839
5597
6507
7478
924
2237
4156
5434
207
7837
3854
4229
5911
9747
4478
3686
645
6740
888
8134
7777
7939
9632
3380
4094
293
9833
8002
9796
2049
9055
3746
2418
3058
8090
8390
2003
3207
2140
8618
6212
8068
298
2303
5770
3761
2888
4644
871
4993
6082
9854
8813
7996
6289
5307
170
2904
9336
318
4636
4150
1131
1259
9916
2495
6842
8703
2099
9944
8822
694
2359
2760
9731
4428
4032
9242
9630
8284
647
3963
9514
2345
828
7972
3002
5515
3664
754
8437
4571
1391
4911
347
2557
7559
8775
8833
781
3340
5885
8936
2357
2128
923
1687
8870
9809
2278
5423
9692
3174
3042
7638
5145
8126
5787
4751
377
1842
5132
6523
1065
4814
5288
4071
5318
392
8459
9019
4510
5699
4234
6122
3770
6907
5811
8028
5187
4999
388
9630
9214
2284
7356
9560
2282
3221
3545
2687
811
4221
2493
6815
6394
4617
3359
629
8252
1134
5356
9094
1273
7729
2001
5544
4195
2877
7162
4876
3114
7602
8699
6363
2422
7392
8262
148
305
3717
4783
282
3322
9000
7425
288
9163
8647
9541
9304
7668
6296
1319
1271
7187
5900
2337
5612
3
8638
3328
2545
2164
9821
3924
3443
7581
9221
3047
8374
6497
7993
865
6250
3096
8457
7657
6207
4421
3180
4929
5427
7513
9459
8139
9355
8924
2750
4812
6670
6067
7579
3043
841
5081
6732
5014
3286
775
8478
5364
8387
1614
6286
9504
4783
7358
8352
3329
4878
6905
1920
7639
5204
7878
180
6460
1139
7529
3137
5004
3716
4206
2732
5780
3647
450
7817
9002
6187
4957
2352
3298
2861
3956
5479
338
7750
404
2497
295
7558
7384
3541
4298
4200
891
3505
4143
8023
9073
9730
9886
534
1981
795
753
2958
1025
4350
1495
629
9380
7895
9660
6341
8941
5145
3185
6120
4837
5718
4909
2121
200
1744
294
2959
6490
9161
388
9311
5103
6706
9075
1613
3700
7769
991
2814
1069
9496
1740
9885
1446
7436
3320
2284
8636
9607
3497
6209
6435
4017
9521
6234
5784
2431
6144
3111
2340
5677
1538
2681
3464
9375
8478
1948
7049
1206
4045
5054
2174
5186
22
9339
2391
6246
2970
3589
5452
3009
1832
8662
1898
2894
5195
4920
1170
3780
4459
5191
3338
4717
5052
8497
3516
6996
4615
3712
3363
4615
5035
2288
6792
7348
8326
4702
9900
9204
341
5564
1690
9362
9748
272
2790
6486
7628
1978
6361
6741
6562
4906
6245
4642
5858
7292
6179
3731
3725
5666
6826
2588
9080
7591
7480
4784
8667
7661
4372
498
5226
1075
5959
6693
6383
7318
3892
6377
4748
9048
5900
5681
5133
7360
9791
1706
4382
6551
8621
4512
1962
5171
1383
6339
6520
89
5906
1700
5838
3077
1332
4131
9948
3126
6868
8168
755
704
3135
4735
6653
2772
1845
6884
3435
4334
3849
1841
5182
4741
7324
8686
4092
7476
3198
8948
5392
6767
6554
3946
4496
7828
1304
2985
6093
8209
4608
7970
1809
417
7776
1194
1697
5317
5296
8900
7383
697
5497
8615
5640
317
8750
6163
423
7064
8841
5096
8279
803
8708
5902
3368
287
3303
9953
374
210
2525
920
8060
1265
1173
1213
8469
9702
8831
9149
6599
2273
5719
468
6350
5446
4482
424
3533
7079
5930
9212
5825
2223
6770
8860
541
4419
8529
4789
999
6974
312
7737
9099
6805
5145
3304
9893
5653
87
598
7333
9253
681
4390
3523
4111
37
1910
2370
6128
2940
1586
571
6798
8007
9823
4287
8921
1268
2576
9324
9269
2081
6281
2163
2734
2126
247
7316
7759
1397
4815
980
9988
1879
3949
9343
6853
9032
57
5069
8149
4343
8443
6156
4499
7746
4932
7146
971
5570
9774
5521
4474
159
6661
2140
8193
1478
3747
2377
4298
6360
8387
2658
3805
5801
8471
1833
2866
8365
2167
5203
257
1424
3142
7174
9422
1775
3722
6158
9819
2373
861
2806
8801
5260
3250
3561
2412
275
6578
2090
4829
7104
7448
8555
3596
4587
4049
9201
290
2329
1492
9554
1223
6477
1573
384
8535
1688
6514
6353
767
4408
1464
6370
281
797
3078
2188
2151
9117
715
3490
7914
8077
2925
3272
3609
6785
7257
2476
6044
6900
2566
3384
5469
3907
3166
1379
2691
2758
3879
3066
9025
6272
8426
8030
8522
842
8129
4769
9165
9129
1115
2734
914
5680
4100
5118
3830
2300
253
5489
7822
7459
3135
5888
3418
1196
9945
6478
8744
4617
4489
9512
5687
8655
212
9646
6255
8771
7562
7748
4438
6783
2918
6615
3123
1117
7774
2649
7517
5334
3009
3122
5785
3836
9843
3982
2962
2962
9452
9536
8563
1014
8923
3084
7203
4028
4391
315
6960
2912
6813
5211
8918
4275
8757
5445
2741
2124
9176
7762
6790
1787
8825
1624
4862
7896
6998
5596
2786
3095
6767
8413
850
3314
6198
2071
9505
4121
4741
629
5797
9691
425
2889
1000
7069
7439
5337
1875
329
2657
4262
3807
6627
5597
8404
6531
35
6427
2082
811
8639
3321
32
5554
9421
2301
1954
6677
85
3420
3372
9245
2969
8149
4527
7033
6345
5375
5420
4547
8065
5310
9958
8466
8275
5786
425
2354
1772
304
3410
6921
2170
364
827
9593
7718
2727
9082
6301
4484
1913
8917
5922
8396
8019
5083
800
4692
8615
15
2717
5362
7238
4413
9661
8875
16
1066
1224
8982
9272
6731
7431
5700
2060
2758
2344
7882
9715
7879
8210
7272
8860
2754
7807
2296
2521
6651
656
8416
4435
4645
1007
3534
9615
8789
6785
9412
8690
5590
9484
74
3420
5000
6676
4262
6264
746
8141
5848
1625
406
4662
1113
2229
1492
1162
6354
449
5848
9817
2969
9878
4360
6859
3736
7618
7506
8545
7462
10
4231
1613
4484
8264
5182
8076
4812
1176
3683
1595
6596
7992
9125
9300
2171
6153
7543
3888
293
290
7607
9912
3070
4940
6174
640
9982
4596
6719
5512
556
6318
6614
635
7136
1635
2949
9956
7820
1032
9902
5146
8700
3154
3944
5340
5284
6329
5023
6663
2392
4995
9374
6474
2257
2449
6680
1749
1625
9053
2085
6355
9608
9618
7812
1836
3000
4533
8431
9744
8548
8450
3795
7072
1492
4147
5747
7987
2771
1541
4067
9091
2266
9056
9107
6104
4298
1514
2573
646
4712
4338
1389
9205
3446
409
1487
739
6090
6316
1151
2357
5223
2575
181
4820
4134
2746
8136
5297
3679
4270
1016
5401
1106
3146
772
2880
6778
5261
264
53
9472
9336
5108
1428
7668
7406
3022
9906
1607
9994
7473
2187
3330
8640
1343
8446
4703
2475
918
4355
3108
9501
4556
1901
3303
567
7957
8059
1962
1411
2066
3134
4233
8696
4294
7927
5261
296
6290
178
1956
9123
9860
8626
1143
7159
3423
5516
4005
9679
8474
9245
3684
8678
664
5640
3315
6413
1182
3180
5704
7395
3601
3372
4214
2450
9769
3775
7461
344
7025
7212
6446
6683
7449
8890
9728
4310
1981
770
4790
8777
9703
3129
8249
2693
3914
2946
6811
7876
2061
13
8289
1243
1752
1561
3645
9161
9212
6836
5921
5409
7171
1290
1520
7130
4711
7686
4029
8763
4274
6059
1668
6753
4889
50
9564
1296
4392
5697
6700
4748
5483
4936
1672
7737
2579
9693
7234
1259
2303
93
2854
4620
7181
6911
9576
6000
7430
1639
2498
8235
4090
4635
112
9462
9080
6082
683
4144
4334
3601
1323
211
6412
2357
6603
6860
1602
618
7278
4300
2733
2189
7210
6335
6920
5616
8942
4744
3638
8177
7869
8519
2038
27
1396
1011
354
6249
7321
2947
2231
3909
632
9409
7888
5694
615
8718
7896
992
1530
7612
1524
6248
5393
367
5629
8318
9267
5728
3969
7048
802
1607
2062
3043
497
2112
2619
8217
7786
8015
7622
4238
7528
3051
4499
7632
3134
7409
9831
5652
6195
6619
1124
5734
2214
9070
1645
8868
3310
8845
9101
6517
8914
6199
8487
7992
5352
5833
391
806
8668
253
9548
4906
5395
9670
7028
543
7970
6722
2108
6987
5734
4918
326
1672
2907
1537
5165
6877
8376
9
2864
7041
9096
8956
3391
3878
3949
2129
7675
9051
5885
6856
7641
89
8686
2589
8619
4617
475
1426
4257
8620
6032
416
1258
3176
6173
2362
6957
4794
495
8852
4905
5327
8452
8784
5070
6768
9813
3627
1022
1447
7671
8221
9679
2902
1453
9031
6432
6725
5458
3841
4177
2189
7099
1070
9170
7873
8662
878
4842
5154
4312
5878
2663
5080
499
113
7005
9170
3497
9548
6799
8521
3338
6163
1224
2232
3154
3766
159
378
1319
859
3466
2824
6795
4538
4566
1375
4326
6242
6467
3317
4972
335
1293
7164
4506
1965
1242
8192
8203
6303
6399
8652
3322
2473
6391
8605
9918
4596
3658
694
2458
580
5982
5289
8364
3165
7304
9753
644
1520
3550
6533
4385
4693
1229
3358
4837
2887
9996
7939
3408
9378
2468
766
935
4424
7929
6804
6802
8908
4868
6381
3178
6823
1584
6624
6028
3625
2555
1190
3432
6364
8547
4243
5994
9566
762
6738
8500
1620
571
6379
8411
2384
8079
6939
3276
8528
5930
8982
1844
3833
5563
4947
3723
8912
6485
6053
8321
3567
3545
3177
3315
5457
7854
8111
8285
2107
9918
7431
2920
9003
4509
2171
7537
4565
7521
1942
6927
7430
784
7444
1319
4360
9096
5233
5477
677
1409
1329
5490
4441
2724
7604
2420
9899
9441
1941
2824
1799
5498
9871
3575
7858
5951
2669
3722
2207
7216
5343
5610
8460
5325
655
1188
695
4592
7053
2187
7013
6510
268
3173
9070
4142
1843
1633
5897
6178
5695
2423
8819
2217
1012
2013
6023
5466
3800
8648
1813
1915
3588
1780
39
2489
1
5129
3679
8566
1700
843
2321
218
9972
3556
9540
9961
6058
3475
4391
5098
1498
2050
6396
2517
2635
958
7637
9691
9057
8846
4371
8
7604
5151
3254
5799
5282
9980
7496
690
3759
6274
2246
6520
6684
5978
2877
3435
8283
5190
6907
5221
5821
86
5288
1
2356
207
8132
9218
7740
3437
4478
9527
7806
5683
3104
7566
1586
6153
717
152
5466
7832
8252
4718
1368
867
2452
792
4638
1588
4443
1778
9026
4018
9613
9188
1276
3671
5065
4234
2660
2723
9650
1405
5377
6944
71
4215
2219
1424
2468
4700
7610
2197
63
7812
5049
8673
4715
1292
1279
7219
5395
7156
6726
990
7981
9580
6338
9315
8972
2253
3226
3808
3405
2249
6687
7352
3173
175
1430
8442
9205
5694
2215
1715
2798
2924
3936
4161
2466
4516
3193
1848
3577
2414
9171
4681
6712
4713
3404
1634
3175
2157
810
7193
6773
5564
1666
3785
6360
7382
6743
8589
8054
9438
96
3563
1764
3772
2720
4483
7193
6525
4412
1647
505
9666
2993
9138
1229
5664
1389
1214
6026
6680
5411
9977
3865
8006
6353
6453
2605
5275
6398
201
2728
8223
2432
1171
3070
8952
6197
3192
8998
8999
5321
9640
155
7587
948
8689
3404
1764
1760
7440
9235
3927
6890
3804
4295
3018
6422
8850
6657
8051
8937
2561
8872
8038
8373
99
2999
5712
3397
161
4720
1976
4408
997
9894
2517
1031
4322
4638
9734
8281
4543
574
2214
2067
6818
5341
7440
8571
4515
7719
3561
1629
5957
613
1698
2263
2488
9734
604
710
4343
1481
4994
6402
1736
6048
229
4011
2378
6269
1950
2496
863
5551
3234
1430
3596
929
9379
4323
8858
2138
9800
7143
6660
8136
4704
9694
2442
9701
4927
8530
6215
953
4608
5871
8759
7458
6694
3528
6474
9893
4250
4035
4459
2817
6934
3336
730
6141
4531
9834
5629
5323
9843
216
7760
7654
444
3123
423
4725
9607
8916
2986
1092
1523
4265
553
4603
656
3996
3131
6959
2146
7764
7624
4726
4362
1767
4680
2847
6610
7306
357
1086
9388
9161
7846
4250
2099
195
2288
9813
3472
1697
3202
3930
251
9390
4155
115
1587
2523
8590
9190
9621
4446
8525
6730
667
5466
8387
297
7640
8395
9939
4707
1909
4714
7955
5091
996
4435
3049
3077
3301
3202
1331
3990
2075
2849
5593
6710
9629
636
6307
2324
7534
1587
4430
9332
5041
6678
5598
3681
60
4217
7412
395
433
3320
2345
8192
9852
6248
7473
7591
8405
7308
3550
3105
3987
691
9942
7928
8756
2577
2627
7211
8270
234
8218
9027
3259
3686
1405
9064
186
3917
8730
2921
7752
7795
6065
7971
2908
7123
720
8268
7498
4158
6766
4346
4870
5228
6792
7913
6127
5040
3521
3491
5555
4684
3048
9732
3800
4650
7924
8653
491
2589
6836
6141
8296
2079
1062
8253
8855
3838
9652
4149
3129
9874
8119
7969
7234
3995
7024
4404
468
592
1877
5914
9127
8932
8687
665
5445
275
7100
3775
9612
4274
4217
9584
638
7052
3559
7911
8503
2151
6280
6480
5128
5176
1621
6713
9272
44
2506
7878
8676
8542
850
8724
1241
7437
8010
7313
332
5249
2457
8311
4772
8736
6245
7877
5657
1825
3537
4772
3554
1698
6097
6719
9854
7592
3635
4571
1019
4848
4193
4152
1828
645
2329
4710
4199
4713
5613
9258
9705
3268
2478
8224
8277
3351
6983
9459
7313
3355
5566
3140
5624
8432
8745
5517
7451
4567
3573
8010
7284
4374
6625
7576
5040
3601
3671
4155
9093
9191
8697
3003
2612
7650
7849
4008
8787
9752
2927
2179
9538
3460
1582
4853
5453
8333
8995
8614
2448
5749
1149
2317
1537
8802
6319
4715
6249
6798
9028
6294
8567
2975
1049
7130
211
6518
7367
4412
8399
3067
8724
8859
3401
3784
5532
5966
2404
2995
9845
1473
9793
1211
9594
3119
7539
4606
6649
8720
8140
4930
2517
448
7332
108
9380
6722
3424
2650
6632
6858
7029
8783
853
4440
7160
4584
9805
5506
7908
9
2530
5198
2670
3360
3826
3725
5453
8447
1874
8396
919
2644
638
7858
2022
1484
417
7800
1561
9626
2181
7542
9580
6985
9301
6207
3064
5509
5320
7485
2160
6863
3950
9768
8386
742
7772
2146
3156
8361
5328
9730
6560
8150
6607
4795
3088
9975
1500
7096
4863
2686
773
5077
2132
3655
6770
2594
8177
7023
4416
7508
2952
3948
5428
6839
8982
4138
2736
9824
2694
7994
5097
4437
6146
7954
7393
7338
7978
8122
7688
1788
8125
8405
5442
1932
7175
1979
1694
2521
5989
5453
2014
3640
664
2252
9054
4956
2079
4890
4111
4661
215
6991
5513
8753
4436
4159
8505
8807
5250
7845
7874
337
2717
5862
1016
2344
1154
5806
1352
6449
979
2260
3778
9325
8943
939
2816
8517
688
2230
9614
2091
5783
1760
5667
1585
9460
8583
1295
9897
9583
2611
1218
3732
2114
427
118
1919
1725
7617
6169
5291
6079
4091
7843
8681
2567
9854
6028
7235
1977
9115
886
2600
4915
2215
7843
2113
4020
8684
2244
7742
5348
9935
6685
7147
1569
7804
8284
9815
1800
391
6563
8793
8618
6755
6064
3053
7316
3537
370
9740
7551
531
9784
1297
6468
9654
8034
2406
1686
4165
2310
8897
4884
6038
7374
4884
3061
6040
9310
1621
4556
7482
3921
5860
7512
1444
7610
3547
8068
9665
7472
3702
1841
2735
9319
3650
761
3414
1057
5062
415
9701
2603
8134
9256
1296
4255
2440
8967
7211
5499
2783
5150
2503
6509
9008
3288
4295
2415
7461
645
3363
6724
6225
1647
7166
1023
4814
2442
5989
2015
1221
9147
6258
3460
8430
5163
7013
9033
7831
5333
441
4926
6050
5250
7409
6518
9016
984
7962
2419
3088
9196
1976
8716
8643
4805
2986
5414
655
9182
4766
1107
3651
6406
1142
6637
4475
5044
1674
2005
865
3916
1564
2727
7333
9849
614
8479
9531
2144
9608
288
4837
3924
2943
6821
5923
9615
5268
5761
131
5779
6971
2463
2164
2262
525
1059
9619
787
4027
9322
2598
2141
3535
4458
8500
7845
9035
2289
2175
6975
9067
5277
3200
8619
9592
9172
9595
7064
4081
5380
1930
835
8980
411
1629
7801
2835
6788
497
1284
4741
9975
1338
4188
5077
8980
1257
7432
2985
4752
6523
3897
19
6487
2627
1517
4000
7210
9314
583
3081
9289
8985
2230
4674
7711
8517
8313
671
2369
9861
4306
4100
5788
3720
3134
4645
5040
1333
3893
9053
8138
6897
5164
7376
7911
3162
2635
1835
6837
931
5324
1348
9867
6743
4255
7662
9129
3440
7480
7773
8154
9351
6588
9449
4690
6666
5922
3560
4845
4383
2531
2475
6142
5325
4600
1814
5565
7118
1589
7979
1966
1004
3204
3356
9117
5387
7526
8115
2112
8570
6908
5043
5775
2401
5207
6152
6980
9839
8888
7733
7297
8455
2982
7457
528
2932
8548
4942
1447
9377
1195
9707
3599
2021
2250
3902
126
271
6130
5696
9632
4101
1575
7139
9527
4828
6784
8763
679
4826
6911
6431
9182
3131
3378
6624
984
3849
3616
3323
7946
1071
1720
9199
2785
1299
9609
2232
3459
490
5584
6904
7309
2629
5325
9964
9930
9911
1310
9096
7850
3831
7134
680
5315
7241
9048
4053
3203
3105
7090
9915
7793
925
3716
8609
4162
1146
6759
7957
9283
4391
9050
8992
8985
5668
4467
4533
3989
9614
1089
7628
3290
9048
5323
3758
3078
3056
8002
8700
750
7484
2524
7801
3593
2883
4256
3560
7377
1656
5559
8767
3468
3854
700
9883
9641
7663
2307
9286
7603
9749
1502
840
5404
9944
1066
6108
7485
5057
2758
7849
3111
172
2134
9565
3663
3623
682
6671
6921
1853
6004
7141
1231
1967
8488
4053
2125
1537
6762
253
5606
7395
1695
5864
7773
8785
7762
6333
5426
7815
9369
1656
6702
370
2001
6866
50
9233
9758
2710
6936
3959
95
8808
318
5613
7556
1748
5715
8152
8954
2105
3556
847
7410
1011
2008
7312
9471
8780
811
9929
8339
2796
850
5250
6366
9712
8641
2118
2023
8787
3395
6332
4937
4487
1389
581
3431
1072
6438
5644
7684
2512
1387
5361
9663
7430
9360
1597
3799
5164
3557
5608
3092
6829
180
7581
5627
7871
2357
2932
1818
8356
7010
196
2506
9167
7175
412
7595
5457
7565
4481
1102
5768
2721
8655
5641
2481
2370
5430
2308
7214
9516
1958
2482
2371
6687
3479
4898
3039
9922
1214
4200
838
1127
6300
6241
7437
3524
2467
1553
9280
4387
337
1409
5541
9404
9890
7373
4850
7961
2700
8050
4173
1535
6249
1485
9372
3553
4291
1729
7902
4583
1972
7139
8537
4827
4307
1947
8591
6873
9401
2659
151
7069
7946
4184
5845
4699
9729
1736
3142
5732
6133
4428
2984
5640
5157
9441
2824
1559
9457
6152
812
799
7035
4071
3662
238
9031
1168
2692
7949
8625
5102
9938
7578
303
3551
371
9792
6674
7165
9513
8132
3057
869
7692
600
4589
7250
7305
8176
7984
7176
9377
368
2550
4306
8802
308
1857
646
5823
2625
7117
2617
1103
2871
2817
8738
5046
9303
7603
2171
6737
7206
3387
5581
8037
2334
5505
8216
6917
5822
1204
5851
2289
9586
3120
3966
9862
7078
2282
40
5228
1865
3573
376
7628
6333
4060
4868
4489
8985
8431
731
5554
837
6502
4218
6409
1654
8815
5783
3569
7764
123
186
6879
4277
2790
985
7481
5844
3277
5130
7324
3414
3125
5970
2358
3835
2254
2013
9553
5237
7578
7691
7494
5922
9174
3879
6771
710
1441
3629
9947
7520
8825
5643
8646
6765
7677
265
4761
4089
212
2524
1649
9427
6135
7338
9572
2143
9002
7618
7548
6712
9211
135
9044
6678
894
3981
93
2878
8927
8892
5543
3097
7517
413
9976
5543
5620
9821
8558
1915
4037
7883
1376
7613
2504
1781
4408
9329
4773
1208
3296
1815
8199
5617
8575
9289
9769
8023
6725
9271
1185
4325
2228
7129
5920
1150
1793
171
4894
2140
5260
9889
3802
113
6492
6699
6717
8016
9021
9038
7664
7672
6684
7996
8275
3251
6003
1192
7975
115
4025
1769
2940
2206
1973
3413
5116
6029
1753
2011
7932
9274
2284
2201
2102
1105
8968
1984
8263
3017
650
4805
2423
1059
4759
5215
5725
5259
715
3318
1882
7630
5224
676
8373
4091
3754
7138
5605
1909
1105
9378
5049
223
2806
4806
4329
4998
8799
7005
359
5586
4266
1659
7835
6794
7778
2073
7770
4129
3896
5852
4314
2596
2074
6577
4627
6868
3274
5381
1512
7016
118
3105
9958
8582
9415
9094
7719
5296
6127
1664
9012
7884
3805
5073
6807
1256
4972
1529
6883
8760
449
6289
4333
3275
1980
55
6475
7587
2283
31
1435
3875
4443
830
589
413
5013
3598
2865
1216
2491
5951
4122
3049
6403
995
483
5849
8850
1750
3556
3517
187
1241
5690
6423
8576
7717
1897
8455
9363
7821
9808
4476
4172
2966
5013
2175
1781
4588
4026
1189
970
6121
1952
6171
6892
6891
7793
6007
6678
4542
1088
7775
1864
2683
3720
6023
7066
7101
6983
1768
2916
9496
6384
2275
3710
7230
2555
7168
6410
6692
303
1402
9995
9958
5623
6845
4395
1139
4504
5083
7739
8033
2389
6749
7940
9917
1233
1882
8720
9772
3025
1504
9863
4513
879
6659
9559
4781
818
3304
7248
7370
2744
774
3786
805
7590
5813
4601
6665
8136
9056
4850
825
4816
1636
8133
1951
1707
9408
5659
5090
8811
6155
280
9320
9306
2590
613
1019
272
2905
5932
26
3535
1034
2122
7962
9470
3081
1549
120
8248
1761
690
8062
6971
3624
5998
6550
585
5595
9242
6698
45
268
8440
8884
6287
9476
3179
4222
5817
2272
1991
190
1427
5778
5981
3918
6075
2025
7850
5281
106
9753
5995
300
885
7345
436
8066
739
1141
5652
658
3275
1057
4977
1197
1557
344
1995
2483
777
7306
9944
1446
6863
8178
4905
9706
7422
3559
1510
901
258
5987
5519
6912
7459
5185
9414
5214
7154
79
9376
3480
2720
9158
5235
1063
3108
573
9193
469
4928
3229
1359
3435
668
4181
8634
4215
4646
8207
7992
5324
9900
4251
3490
194
6363
1658
5656
6671
3746
8196
2151
3523
650
1421
6801
6057
5282
3284
4027
1137
755
5831
9529
6936
6821
9234
5631
1554
2429
7518
4948
4782
7667
6598
857
6812
2248
4434
3913
5850
4915
1675
2929
8874
5267
2719
5160
4363
271
5804
1861
283
8614
7755
5122
8048
1522
4167
5186
7035
7668
7996
4859
271
9549
9258
3907
9265
238
5000
8651
7830
2436
3972
6836
8792
2566
7292
6789
6917
9544
9183
1730
328
3305
7696
4853
3292
3089
6967
1330
533
2132
4438
4444
4218
5635
3595
7578
9110
5921
8996
8755
9089
7691
1945
1994
8757
7120
19
5761
2140
8166
1214
7965
943
5427
6279
4265
6717
2736
2810
1374
3827
4888
9278
4717
3550
8787
7399
7630
2938
3868
7218
8350
6147
9856
9511
9684
6983
8419
150
5241
2302
2665
6836
1170
5839
9573
4734
6378
2671
7310
7031
3901
8686
5809
9056
7583
7545
3447
1342
3515
7222
2867
1509
3718
1238
903
3895
4888
8788
6661
8328
8052
9107
2985
2524
990
2657
8608
1627
5769
572
5255
6587
1409
8011
6723
3805
5557
6758
8140
5107
9494
349
9472
7904
8152
2974
4358
7020
5718
375
8418
4580
8684
2590
2152
1932
8758
7169
6827
7662
4297
1274
2039
6434
815
7430
1126
4231
5913
9454
70
3701
4364
2615
7183
9669
9206
413
1390
3738
6018
8491
5767
5697
5379
8035
9717
6962
5212
8719
1893
3958
6224
3434
3019
481
7621
8369
183
2326
2574
4317
2279
9865
9133
4741
9877
2132
3226
2921
2487
7692
5687
8484
9189
1365
5460
8569
313
8276
1578
7712
9306
6937
7550
2214
7362
2806
9684
6835
7622
5128
4097
4952
2980
6714
9816
9010
7486
8933
5465
20
5809
3407
9559
879
4259
7498
5514
5980
7191
2678
3412
1075
5644
7191
550
7951
4012
5658
5961
5855
3299
1322
8097
9311
5315
3171
5959
333
2958
192
7466
5466
6570
9176
9287
8539
3074
6931
2913
6991
5564
3997
2029
3119
6604
2117
410
1045
222
9275
8993
9310
432
9258
3493
651
8558
9795
8071
1373
6341
9552
8122
4405
8701
5375
4951
2570
6967
3675
7462
2205
5429
2861
1515
301
7327
511
9679
5421
1709
2497
185
3458
7925
2740
2997
9266
7871
7041
8876
7042
8282
6709
2066
2918
6145
8268
4300
7901
409
3224
4843
8802
8677
7786
4979
4666
35
7917
8847
2063
201
8805
9482
9389
9668
2265
9282
7467
3394
1559
3836
6382
9911
5589
3653
6020
9070
7873
5622
7796
2176
7477
4930
3831
568
1236
735
2231
8209
7823
128
9693
3027
4463
7488
2383
8433
905
6671
5682
1199
5768
8151
4758
6734
6960
7483
3392
9958
3629
1814
2678
4070
5972
8982
473
5237
7231
3782
3891
8880
9713
7296
6430
2892
5018
7110
806
3559
3830
7426
1327
8749
9438
4471
8059
6056
5885
8034
9692
1649
3368
3272
8645
5287
7574
1775
5389
9478
6206
9221
5851
7499
5211
8747
8975
68
3033
6034
6786
8500
599
9842
3903
8040
1173
2661
5898
5169
587
8823
8483
141
4903
5228
9786
6345
456
9228
2169
8847
1886
8954
1332
2601
5869
9442
3343
4284
1646
6181
9075
7625
3182
931
3856
3793
8774
8164
6204
2476
7933
9041
8262
2511
7678
3565
8280
7416
6656
7539
7048
7139
6140
9615
7848
5216
4803
7206
7967
2236
9163
5565
6919
1608
5894
7462
7315
2624
4453
7711
3981
7129
2796
6718
9399
9453
6718
5073
1200
2713
4391
5353
1576
1206
9029
7047
5857
8500
5880
4979
949
2759
3629
2382
7970
1992
1416
489
2440
30
7174
3469
2489
1873
8208
5398
4523
3178
9896
8494
3223
6734
7479
7457
1679
5176
697
1572
60
59
714
2120
6544
9786
1462
9732
85
367
9345
3299
4366
910
5673
2857
8945
9504
7506
8695
1556
8326
8661
2242
7175
3457
7691
347
7115
5439
7775
3211
874
9636
1775
8424
7298
6687
5398
636
5058
1836
9885
2619
1300
6246
8379
8179
1377
2810
8782
5934
459
3018
2759
7035
8663
9396
7941
8599
1061
7312
2564
4673
7215
1770
9951
5234
4063
1864
8977
3454
5290
7696
4848
7635
3358
9792
3934
205
7353
1411
9921
870
1281
8214
6030
9245
5031
9005
5091
5166
5807
6163
5540
7740
66
3082
5375
7284
5370
183
8296
72
5569
5270
5219
1929
1564
5020
7667
9979
8774
2651
4485
7284
4113
4859
8110
6938
8966
9783
9407
6748
9674
9931
5684
2068
9240
5124
6736
3854
1587
1113
5198
8369
4129
4412
1126
5911
8968
1301
672
4445
3914
4888
206
3210
2625
500
1769
7357
5571
8474
66
7487
9138
3267
6132
2956
9968
5302
8328
3231
9462
8738
8269
943
7181
8685
7660
3129
2636
2423
2445
6707
6811
1177
4692
7985
2440
5569
5641
6489
8423
745
5246
4177
9307
9240
2431
5062
9743
3544
5746
6527
1687
6868
5063
3632
7720
7835
2675
5989
349
7119
7521
8034
3161
6277
5590
260
6104
7992
4674
4259
620
2974
4042
6245
4898
1963
1835
2964
590
474
3218
6893
535
2069
6414
5305
5929
4330
4448
5508
483
2447
6866
8957
3837
7840
2236
8509
3264
1182
780
2354
7740
2473
9108
1947
334
6912
9302
1295
4468
7570
8412
4243
7911
6982
7888
4344
1169
5641
5878
1879
9761
5416
6741
7718
6227
7560
6944
2845
9491
5980
5368
9984
5794
9648
9880
6052
7980
9822
3890
490
2045
5489
2910
9675
9920
7489
5220
6886
9051
6482
6399
4641
1819
4312
8379
4809
7204
8025
6515
9380
233
5774
1717
3744
4898
4231
9162
8634
3373
4146
6811
3388
6594
5676
7907
8209
8211
7968
6683
5921
1526
5683
726
3379
4433
7414
7
6264
7353
8624
7560
3111
6140
5750
6159
5497
1106
4889
3756
4765
3017
8753
6632
9171
5760
5898
5060
1033
4098
112
8893
3790
3503
4613
8225
4059
7009
4935
108
2215
4266
2052
285
4284
9448
439
3250
5306
8719
1437
7161
806
4695
4109
7480
4912
3988
5416
8143
1561
4603
7125
8808
5472
4279
9648
3880
3498
8797
6980
9166
4836
8033
2644
8461
5059
4073
2984
4806
3074
7523
1441
7475
1832
2315
2049
9003
2473
61
4014
9096
2979
7424
6602
5409
364
5615
2557
6039
7003
8648
4788
6129
4973
7107
4095
2445
563
9911
1940
9218
2087
520
7805
7008
3736
9556
6734
3823
5927
294
1976
2533
4371
3435
3859
4407
6754
218
3127
1422
8968
205
3344
4443
7503
5828
6457
1464
7548
5276
8551
2154
2705
9627
5946
8691
4238
1539
4089
6200
9778
6058
1031
7520
195
8031
275
9619
4396
1913
2677
4858
2811
9757
8360
4875
745
3856
5093
65
3131
120
4048
31
9969
8647
1568
8591
2700
4514
1336
6270
5915
4456
9686
6198
949
4427
5764
3316
9921
4377
7784
9518
9570
3007
9439
4915
5922
3971
9303
802
6777
2976
884
7355
4106
8162
8297
972
3352
295
2055
9019
2484
7383
196
2307
656
9144
6358
7080
8684
2919
8555
6966
4935
8917
2494
2672
7229
3282
8898
6503
7586
2831
336
9971
2159
5670
4091
4479
6888
9498
9087
4532
673
3929
682
3531
2627
6271
2166
5418
691
2291
979
1814
6106
3476
4708
5401
7830
2424
2555
8927
1543
9567
3663
3830
1341
7132
2986
8874
3628
6561
9898
2583
7502
3222
792
2287
6397
3946
312
1374
2808
2528
7521
817
4712
7910
2406
2144
9682
5625
2563
2399
9248
7633
7592
9827
7131
479
7081
6808
1710
608
1108
9203
4562
7478
8963
7030
5006
5092
7167
1391
305
7288
2945
9002
63
8687
8143
1864
7123
4632
350
696
5044
4638
8179
1670
4958
6605
900
3040
8338
8674
7571
2277
8760
5625
8702
8315
1173
6664
5928
8706
8309
9846
3861
1915
8517
1850
3202
9690
2983
5748
630
5009
7897
2505
5207
8339
7742
5034
4214
3318
8503
1907
3687
3669
5931
4946
9448
489
5313
7664
7218
4105
7812
1271
1005
9052
1246
3745
5498
7770
4698
1757
7394
5944
9030
4056
9280
6757
3156
6486
778
6331
9075
4172
1454
5400
3438
657
6639
9254
7832
4230
2824
4636
8016
864
8073
3062
6978
5435
5246
7515
1500
138
877
5811
5837
6180
4591
6311
5960
8402
9271
2701
5978
8562
7154
3581
297
3830
3758
894
8175
1670
5428
1204
9603
2594
6147
9287
9781
1375
2983
4007
1036
7634
1632
3277
3345
7779
1078
3873
9177
892
1620
5417
234
847
1791
2407
6275
623
3510
9803
336
9097
7408
6595
8790
150
7595
2396
1454
6911
1113
9853
8667
417
4093
3827
5064
379
9815
8650
5241
8473
2604
8518
2857
410
2573
675
8311
6090
9366
1325
620
4400
1339
4953
9485
4410
8189
7238
8869
791
4790
2570
2157
2591
6709
4305
7929
7530
5502
1075
9272
8699
4936
8089
7620
5046
1669
6170
1502
3426
3619
1454
2677
2819
8985
9499
8531
2317
2225
4015
1818
7708
2478
644
1054
1901
5310
2897
2262
4426
5512
6904
6432
865
4729
502
6015
4759
7718
4124
8202
1573
3446
3068
4159
5363
2779
1819
1458
251
8456
1061
5421
5854
4602
550
7104
3472
8743
1664
6983
191
6707
2207
4122
6874
8530
3430
7253
3908
7067
574
1738
7279
4404
4609
3269
4800
5158
5147
2979
3164
8715
5409
8179
4281
6978
5130
6285
1117
5604
5109
4449
396
3821
5570
6149
7801
7193
2068
832
8453
7468
4001
1954
6261
251
4178
2833
6515
8990
9875
7241
6080
3007
8593
8219
7848
4709
2376
1753
4851
7873
6867
5617
740
7178
7443
2633
386
643
6736
8516
1592
1246
9200
6841
9139
5426
1059
3254
5196
7293
759
2428
9491
5262
565
3701
6819
4216
378
6220
8317
3802
5040
1232
5697
8540
282
1487
2955
7940
4620
6554
388
3850
841
6238
2477
4621
4799
4071
6368
6924
7243
6951
6298
3522
269
7205
5837
5289
5575
9820
6340
7494
3734
182
9186
651
2926
1259
6552
254
2779
8912
7012
4070
7550
9554
9350
8736
1192
3144
2459
7883
1022
3544
8326
4567
7272
1683
5676
4092
4748
2733
8568
1101
2320
9786
7348
9932
4936
1318
655
2629
4150
1435
690
3766
5814
6439
5931
1329
8138
9941
1678
8966
5511
5208
7995
2949
1936
8890
2681
9665
9696
7411
177
7994
4749
5426
9543
4
4314
262
5035
6902
3049
3086
7619
885
9299
4794
6015
1953
4543
8206
7834
3243
7090
6628
6755
9739
6107
4927
529
7987
3089
560
8433
1001
5139
8090
2821
8451
5013
8291
134
5174
3786
9961
9520
389
9760
6020
921
8623
9859
811
6950
8814
3886
7834
7378
7084
4695
3761
2818
6451
6595
4932
8165
5561
6494
3596
2466
6089
7794
7857
5102
8015
1218
9899
2811
1914
393
4659
5805
3888
3180
3325
7682
3662
2550
7535
6216
3447
9068
5075
5624
4929
5006
1794
3997
815
1546
9072
3651
1317
4991
820
390
11
9348
281
2241
1095
2348
157
9513
9269
6657
316
624
8468
9034
9272
1888
170
8396
4803
4521
4375
6302
9216
3037
1031
5677
8911
8788
1631
2081
8644
7059
7612
6391
3035
2532
4528
8807
688
8474
897
4285
4869
7350
8579
637
5825
7871
8452
73
5677
3226
1179
9229
6958
1015
85
1792
3130
7693
9300
1626
7936
2149
4755
7157
1363
5225
7471
7311
6796
6289
7496
3121
4716
2783
6613
3459
2056
2747
4720
1203
2390
4982
8387
6841
8592
1717
6981
7661
8872
9874
6963
1028
239
652
1028
4580
4557
6928
7317
3771
6120
6347
4739
5295
1822
5128
1468
3506
2600
3717
8672
1512
7909
5655
655
2100
4766
1428
8988
5876
9640
2634
4046
3276
3505
6684
4923
6786
3181
1458
7494
4857
7661
6426
6085
7715
5308
9944
3253
3103
5372
4261
8463
9672
1677
6515
1392
8962
8543
8309
4811
8787
3063
6003
1530
4850
6112
587
8008
461
2486
5803
774
8413
1804
7649
1655
4374
4702
4658
8999
3217
9031
9059
8755
1150
6259
8227
2981
9887
321
9357
9663
7902
487
3933
9928
5874
3072
4235
6431
6839
5808
9338
1287
5607
3290
2899
1188
8692
2009
6322
4521
7884
9581
1945
7113
7412
1465
5155
2098
1827
7079
4467
5715
8129
822
4999
463
7803
2802
9505
2466
857
9046
7693
3288
8333
8575
3248
7551
7075
9340
7130
5399
9375
8770
8697
6916
1273
794
353
2312
7619
7078
1426
2397
1057
21
1446
8815
4853
6113
5598
8871
6745
3336
4622
5145
2085
1155
3911
7541
3959
4043
1516
1908
1176
8066
1102
3317
5844
1698
7971
3813
3004
219
4642
8044
7427
4723
9286
9025
9060
4221
3903
8945
9162
2360
4227
2735
3811
1707
9493
760
1005
995
4547
5666
1994
4022
5024
7933
4258
6390
270
6753
317
5092
2633
1417
6553
8809
5307
2708
3267
2154
593
8509
6649
7392
6358
9781
6141
1793
6323
8791
9064
1620
2516
7270
6160
3151
4205
6041
2590
7123
4995
267
6993
2618
4325
4829
8685
3739
8945
6601
8769
407
9119
1625
6596
8644
8533
5659
3059
641
6931
8503
7363
7154
8969
9908
4179
9006
9647
462
8993
9959
6824
6786
3473
7348
3490
2384
2565
2963
3607
4488
6523
2602
7627
6450
9795
212
796
5393
6506
2066
6560
8898
9456
2357
6067
4393
9663
5474
9580
3313
450
8835
1394
8284
5553
8885
5391
5848
7311
7308
5195
8402
1651
680
4064
898
7359
9005
6022
9071
4537
1669
7049
883
3217
4232
141
9410
8377
4387
4510
2124
8838
9167
8857
9214
8193
9319
3254
8959
7716
7870
7657
8782
7516
4415
2933
3689
1013
3903
4946
4649
5164
6836
4801
912
2686
6046
5583
378
261
2661
402
9756
997
6093
6629
1635
8657
4531
3517
554
6042
2439
2334
7690
2700
3294
6423
4874
4254
6256
7579
8746
6787
4114
1943
6745
9908
1307
8663
2576
1805
6783
8992
1356
4768
5030
6764
2965
5458
120
5087
3591
4216
2655
4405
8161
4170
8868
557
8931
303
997
2890
1926
5684
4965
7632
1213
7193
5857
5062
6650
4077
4741
3403
5325
5654
1430
9940
9061
366
339
8067
6019
5874
3699
530
291
7316
8598
7559
1865
1836
1764
1078
2460
3410
6956
6158
6847
5421
1208
3548
4045
8391
149
4679
9658
8408
9207
6950
3734
6155
4157
6873
5662
196
894
3144
5058
3257
3363
498
4178
4117
3007
9626
3298
5321
4067
7931
7993
329
9119
1106
8660
2258
4810
2798
2449
9793
9372
6491
6845
4877
1681
3094
1977
5657
596
2506
8608
2648
3354
6962
9768
2766
3749
2480
2665
1434
4125
8934
5522
9667
8842
1708
2802
6139
4398
5394
3024
2594
2975
7166
9164
1954
2319
5113
312
2216
400
1453
6896
1198
9344
656
2798
4972
6968
9284
1712
7365
7331
7628
3906
5511
8493
423
7315
6675
2390
8035
3998
3091
6808
8422
6962
9171
5870
6724
757
4084
5066
9028
1385
6660
3701
5111
648
6077
4629
3776
1277
2164
8112
5864
4192
5429
6394
1397
8941
6240
7477
4258
6826
8925
3652
1467
1701
976
2913
8387
9368
4364
5234
1507
7396
6578
840
2411
2379
8767
9679
3114
1789
8926
3460
2888
1615
2210
4750
1607
538
3667
2525
8776
4514
1490
9226
6673
6759
3976
2952
4432
299
706
4987
1564
3841
2187
2099
31
272
9739
1790
8550
9706
7530
5769
8362
8441
2911
197
8237
9078
7366
4339
4979
6576
1051
8155
7302
9553
9135
9204
8548
2383
1187
1106
8481
953
6811
6096
6656
8374
3320
8107
6923
1166
199
5373
1945
2490
3716
7142
7923
1465
42
9856
2956
3968
415
7119
3441
6354
2946
1074
7372
8113
7561
5356
5565
6416
5354
47
4431
5439
8962
1126
8565
2438
4892
7358
7740
9290
8686
4719
6877
1273
886
4683
7442
5104
1446
6073
4295
6709
5498
7438
483
9527
1461
9141
560
3318
233
4500
5408
3684
116
838
1055
4032
1420
4781
8941
953
4535
6174
1812
8095
9136
9162
641
9643
506
8090
7089
4743
7562
303
5603
3488
2766
34
8835
7105
7167
860
8667
6621
5738
614
2468
2790
6017
5148
7450
404
2748
6411
6630
5731
1649
8239
7324
6016
2588
9787
4839
9866
3133
9154
3856
7062
8626
6618
1303
2562
5963
2797
6307
5239
7988
5952
5953
5514
9618
839
4087
3045
9750
3356
6847
4917
6810
8636
8865
8386
1634
4176
6671
4290
6909
3142
1285
5982
2241
423
9698
3947
8359
9934
783
7267
6244
6198
1754
9220
1467
209
142
5443
7576
4803
4776
9094
9442
320
3395
4102
690
7310
8652
9072
9031
8655
9999
2613
6103
7256
922
5132
6022
5460
150
9728
3904
1094
2132
3292
4364
1777
8792
7795
6174
8706
7005
8998
797
2698
100
4363
813
5290
1806
3890
4246
6726
9958
140
4011
1010
546
2215
6868
2383
2278
4875
222
2417
9061
7142
2646
6727
4198
709
3394
2559
763
8549
1480
8804
2837
5786
3041
2712
7866
5207
6150
7558
2219
6979
6903
7236
846
7936
3971
4101
451
8737
4367
3433
4090
8924
6412
5669
3860
9553
7074
6247
7490
2766
9334
4762
1835
3242
8059
5452
7104
4823
1242
2470
9563
2977
7053
101
5211
2678
8950
5626
8558
2103
2254
4860
3110
4997
6329
3563
8005
4319
3824
9845
7110
6954
7444
6948
5376
4813
3431
3725
8459
1644
6177
9249
6490
8368
4633
9554
4081
4406
2466
4684
7751
6569
8145
1959
2847
5189
5369
3688
9950
9628
3708
551
9324
6851
6678
9092
4442
8981
2060
8640
6845
9867
6927
6469
6276
6616
9508
4056
5754
3131
6065
8674
3300
9218
7702
669
9994
927
5924
8296
3969
2170
4450
5064
6494
1541
8127
3994
8671
9743
1540
4034
14
3232
7800
5283
8950
3038
6610
1893
5256
9566
9080
328
7295
5754
2804
8173
1862
7546
7166
198
1344
2739
6411
6834
4712
9631
4041
5271
7683
9671
1891
2617
7601
9462
6232
1416
8501
265
3131
7253
1341
9912
2740
9724
9172
4381
5979
6488
2532
1026
9486
4613
446
7689
6444
5209
197
3805
799
1294
8395
390
744
118
7508
2134
6765
2139
3023
1919
7821
8056
1313
5521
7044
3872
1672
9755
7366
9125
5486
3835
2204
5881
1854
5390
2964
3045
3476
8720
4433
6888
7779
3243
2561
8185
1133
654
5864
7005
5427
652
1778
4906
3442
2543
1854
205
4818
561
9617
478
2698
3145
791
2172
5825
1195
6415
3420
444
7377
7087
1708
9775
6915
7014
3494
1092
8319
9630
6835
1438
9270
8350
5152
2867
122
5364
9578
9642
5669
3237
9713
8599
7406
7789
6011
1174
255
2051
2019
1000
4481
5436
2160
1640
9381
4951
6985
4400
2050
8984
6411
489
2378
7006
2570
6639
7065
8542
2469
1692
7039
6518
9708
833
7894
9979
2514
532
1345
2816
3683
8679
4916
8450
1344
2890
7820
432
3578
7923
716
888
4059
2689
9572
3041
352
9858
1675
5179
430
4667
8450
8909
702
424
1678
4856
5976
9465
1037
3901
5303
8602
2053
3901
2978
6126
9677
9195
9118
3772
5143
9937
6917
2967
6756
4999
7784
5326
3727
7696
1390
8898
2650
4441
8954
1933
9520
4520
4760
2519
5555
2403
5464
6144
7258
4769
8416
3084
59
180
6464
6468
6561
5402
7601
2051
4954
2646
7115
9949
8782
9742
2469
6357
7650
8246
9096
2464
5328
6618
8562
3755
7285
4545
5856
7998
953
5783
164
9963
4891
8422
6550
962
451
7537
8348
1429
4464
9813
9406
1393
8454
3424
6341
3522
7112
7284
5089
7589
5545
8810
8990
9339
4228
7388
1177
3000
6809
8497
1750
5837
4065
1921
4770
382
8027
9404
2461
2895
501
2757
8738
6211
2382
6833
8076
7225
780
7951
9122
8428
1256
1192
233
8511
4202
513
2932
3376
8098
6346
434
5779
9513
2951
9534
9317
5680
1609
643
3388
9552
6482
4631
2305
7397
4407
8064
6090
9160
7140
4356
7090
8816
2744
9805
8774
1248
2406
59
6399
7295
8674
4859
9694
9179
1310
8702
7636
3349
4085
9613
2610
6820
1517
7628
8947
3439
5988
3748
5249
7997
294
1019
9366
8659
5354
8630
1599
4575
6328
7503
5072
3639
8501
5471
6427
332
316
273
9202
1060
2337
609
4606
5700
3193
3544
2993
891
3437
5992
7614
5759
8645
4249
8320
5501
6047
6546
9310
4075
3381
22
6230
2719
8392
7256
5522
2519
8830
7199
2061
9338
8950
3325
8988
9686
9309
7238
6797
4271
9055
7573
2405
3019
951
280
715
4740
9153
8152
1582
1671
722
200
7708
3219
5050
9573
3888
1049
1113
4423
1600
5004
105
5964
9985
3784
7276
8311
629
4546
422
621
1057
8652
6981
5314
800
4010
6793
614
4491
2792
852
6715
9380
2037
9129
5710
1687
8384
8246
3831
1737
9934
352
745
1774
3142
1681
8893
7556
8370
149
3890
1032
8424
6502
9618
961
2382
1887
6028
3646
8337
8733
3553
2840
1079
6525
806
3794
7207
2898
5230
6646
1273
1671
7379
5769
6301
7592
7262
1383
6283
7187
5495
1244
8683
4500
1509
138
6714
4727
9903
5595
234
6524
836
5680
1253
2566
657
7146
1715
6426
5949
7171
2803
5505
6721
5005
8306
4669
6954
5034
5143
4025
2211
1614
7325
3805
1128
3373
9324
7531
7391
7368
4410
5935
8675
5908
4840
8578
2609
8284
7117
2580
3507
2959
9365
8856
7220
3993
9279
3160
4538
8958
9631
8588
946
552
2523
6559
4332
7441
5921
7141
7350
5133
7641
2055
8938
5605
7900
6408
4
5426
4792
9245
2188
2662
4579
5625
8213
2941
9400
8145
1590
3840
4138
5723
6068
4153
8393
1015
9814
2657
4422
4627
1904
1513
8984
2075
2925
9114
1355
4672
9946
507
4901
3604
5380
9505
8467
108
6999
8455
8941
5859
7734
225
7860
5196
7115
8121
7151
9658
5021
2715
4789
3174
5576
4392
9960
8663
9971
5559
9757
8059
5143
9599
5579
7305
8652
1049
9352
4204
2156
490
428
7370
3021
2136
8253
6252
4944
2706
9608
5255
7677
6946
6557
4551
8574
2899
6723
8602
6150
5762
9202
6291
2006
5415
2257
4513
5242
5449
7243
5476
6756
3886
536
1830
7045
4025
3306
6703
5728
9560
3115
6891
6132
9917
3557
5284
6959
3914
6913
1952
7320
9448
1013
3992
6845
6847
4341
7288
7971
6630
8377
3906
4661
7430
229
4756
3671
1368
6972
6322
7041
6166
3901
4091
3632
7767
9913
7760
166
831
7947
2781
8537
2603
3752
7400
3700
776
9223
2221
2026
865
7978
3845
2445
3809
3545
5273
884
6305
8179
8286
176
4745
1772
6641
6510
3963
8224
8548
3413
4629
5882
1384
7627
5468
4367
759
9589
9991
18
9733
939
3865
6924
6657
7906
8823
3739
6837
9931
8782
2126
7759
4864
3579
5116
4948
1143
2964
9324
4668
8036
5687
4372
6814
8246
7016
6630
7423
4259
2545
5073
4273
1681
7124
1181
5389
2603
7149
7539
8968
3478
9351
6210
8850
1556
9667
267
2718
4197
8914
3797
8652
5701
4150
3641
7751
5570
2998
5691
9988
663
6028
8590
5732
5354
7283
8545
3531
8
5911
4748
7018
1324
4677
2000
1063
6731
3409
773
5948
4859
9420
4011
5622
7168
246
3085
6551
2114
9776
7551
8933
9408
801
771
4202
4741
9688
9790
5968
5912
3693
8350
5499
3612
257
6041
364
527
8871
1179
5189
8569
6691
6591
5033
3093
7681
4370
1672
6215
5238
5828
2023
4972
917
5798
7726
2630
9641
284
599
3276
9583
8669
7022
3410
6757
4647
4855
1601
5762
8456
3786
6779
8121
4378
5308
2067
1558
3172
2529
5503
7869
6464
9794
9858
3085
7845
9807
5229
1037
2782
1929
5176
1786
8721
8687
4649
8046
7499
3256
1934
5761
1698
4842
8301
7248
909
5184
8223
9511
1977
8892
3945
3031
5732
5750
25
5649
4991
526
9972
8304
6949
7911
9026
5843
8677
1473
7387
3609
7056
4489
8054
3972
6422
7423
4442
5010
4219
4136
8652
5325
1861
5207
1163
2984
9807
9591
6283
719
3574
9435
2857
2440
7032
9438
3023
7
1217
3826
8717
2443
3592
7002
4132
8591
8945
8567
6286
5279
2903
6877
7288
3027
7743
1186
4632
2675
1943
1777
9183
1213
209
2665
3456
4782
5330
5966
417
1743
2391
3357
1430
4592
731
8040
61
9716
9214
897
598
6058
7916
6044
5727
9366
2792
8795
4544
2528
3880
8070
9748
8727
1670
4102
1080
9727
4168
8337
8916
7443
1356
5649
2421
7950
2064
1304
760
8643
3267
1116
5897
3096
5109
6217
9260
8327
1844
6364
9824
8063
1600
740
8002
4679
7691
62
6781
3382
1410
8651
2549
2536
3741
514
5960
6595
2431
3867
4058
5486
5143
2216
4595
4397
6422
6579
5035
1144
2398
3731
6900
1421
2070
6673
6294
2625
8843
6365
3495
9105
7257
8543
5246
1671
3177
7313
7034
4289
602
9770
4098
3920
3965
4428
2693
7965
5468
8824
2672
324
7588
3822
5569
8358
5095
4974
9287
6369
6314
2192
1678
7792
5791
5676
9998
9126
1794
9279
1804
1277
4680
303
1483
8566
6591
2023
2064
5044
7
3321
2581
6702
9454
3229
74
4445
8080
1994
7554
2970
7588
6068
7529
6821
6353
3300
4
2516
5178
5872
1003
6143
3422
7620
5905
3796
1068
6560
9170
8739
532
5099
4904
2813
3337
4300
9588
2172
5695
3026
7012
7458
3986
7575
9281
2535
9296
2156
5174
7633
795
4725
9082
4787
7260
5903
5488
2857
7502
2256
1521
6470
7747
794
3450
7859
8865
4501
3842
9745
7641
4922
3479
4944
284
3662
1246
4530
9510
1720
8036
9799
8722
4450
6101
9422
5151
5429
9798
2764
8721
8321
5
3991
4498
8049
454
3413
3288
5996
979
1842
7420
4363
9978
304
6371
8775
288
9085
8917
202
9108
8550
7825
749
7703
2552
5105
2919
4150
798
9023
7744
696
5896
8738
2544
5533
7267
6456
5520
4580
122
4698
5497
3996
9042
2672
5518
6401
6257
9178
4262
1109
2376
1932
8766
4641
9475
1260
5985
5892
4827
6806
3310
6431
373
1467
7523
9218
3187
1407
1123
6506
9598
3929
3619
5635
9353
2870
1858
2018
5875
1267
3598
3936
2791
1645
828
9198
969
150
7850
9212
2922
89
5011
5024
6126
1239
250
7940
2274
8011
2934
6605
377
9488
2205
3213
1831
5195
6847
9791
2383
2088
3820
5550
1060
9067
1681
2971
3915
2002
5168
1670
9045
3234
766
2530
9312
9873
4760
3609
229
6707
2013
7836
9125
1968
9571
7177
9476
3245
1528
1414
9150
1074
9953
769
9242
3018
2733
3577
3474
322
2122
2207
1533
2017
4616
507
7190
4459
8122
5402
9840
7940
2431
3886
5717
2703
5206
502
7566
4799
7636
8622
6623
1941
5683
3353
5486
8942
6296
1582
3476
8739
6961
637
9872
362
5767
1771
5403
3900
4774
125
3536
3876
4520
9161
4527
3581
4868
8486
9150
1504
8280
9844
9411
7668
1969
3300
3723
404
8642
7285
9824
307
5720
7311
1603
1841
2795
4814
6732
355
7632
6046
411
5463
6139
4243
5191
6467
5368
5184
1759
3016
4900
2607
2352
8963
986
5102
9560
7413
4688
325
8758
3876
4432
8078
1460
7963
4976
5330
4931
1073
6830
5904
2058
3919
7602
5996
2410
7098
6021
6244
29
78
7682
1478
7305
221
6376
7838
9348
9251
631
3328
9835
4233
5120
9608
3931
9570
5203
1694
1060
9915
7644
2032
5475
9282
1717
8237
3290
3476
884
8462
9755
9753
2104
2003
2849
8103
4509
8700
3200
2343
4319
266
2617
9168
8310
5518
7249
574
5599
8940
4496
3871
8445
6135
7291
9684
251
5692
3965
165
8563
7357
6169
1586
9293
4370
9577
2111
9717
1961
5481
242
6135
3790
5190
5774
1216
8520
9475
651
3581
3280
9506
4079
5942
7801
5418
2518
6651
1850
267
4969
7431
5188
2205
1462
5449
5873
2610
4852
8620
5966
1993
8073
6085
9612
2535
8128
8663
8366
7789
3016
7436
4692
1284
1225
4101
7780
4363
4303
5456
8943
4627
7363
1642
626
9026
5825
937
7257
5743
7081
7268
1473
2838
9648
2032
3514
3438
8906
1335
1544
4530
8002
378
7639
4489
4168
1252
7931
9649
418
516
7631
1549
4327
7646
1727
204
7390
4924
538
1836
1016
4524
8367
9044
1386
5230
2383
728
8679
3724
6771
5796
6937
2852
2222
5381
5686
456
6484
8852
8302
6872
7305
1180
9186
4891
186
4234
6879
4595
4424
8038
2370
4178
5380
1378
9616
2222
2119
5022
3148
2635
7774
5128
5039
9101
5769
2663
4889
9336
4913
4931
3056
438
2016
6994
1506
5972
497
5461
748
2401
7305
4381
9445
958
7805
3965
7837
4915
9781
115
3890
1505
9177
6028
945
2284
1055
6150
655
1508
2889
5977
9352
4219
4783
3210
6668
4236
5015
5134
2756
9587
1790
2320
3709
7163
7044
1617
1683
2086
6243
9041
6569
3936
4675
9237
7873
590
1544
6361
9160
9199
8408
2803
7485
6746
5208
2819
9955
6001
7885
3553
3878
134
6254
9308
8561
363
4908
4924
586
3622
16
1682
2014
7635
171
6359
1111
9283
3809
2828
5229
2610
7770
8739
8999
5506
3298
2275
4121
4626
7179
8343
3029
2464
7628
2496
9943
9704
2478
9363
3607
3106
783
5481
283
2847
3811
1241
9675
1472
101
9815
6215
9634
2781
2767
9698
691
2698
2189
5296
1617
873
370
4787
3605
5003
8576
540
6072
7351
3042
3096
9002
6204
2607
3562
4957
6843
2799
6323
8794
4538
8078
9604
9083
652
5546
556
302
5689
696
1502
5485
3520
8745
3030
3372
506
7796
8089
9114
3987
5489
3439
9219
6264
4787
1595
1760
9818
7587
698
2135
8727
1345
747
9638
791
366
3691
1653
7581
3705
9386
7398
6196
2535
2307
8368
3526
8207
5172
1705
4119
2322
8506
9108
3578
6431
3207
5429
3954
4081
5602
1312
3042
9465
3711
8297
5482
2708
2804
237
8529
8651
6254
3124
1828
1843
3001
716
3363
4360
6091
7789
63
8926
9336
2095
6793
4229
1619
7488
5970
8707
9681
2742
657
5782
4688
8492
8927
7393
6975
6470
6401
4736
8953
6340
950
2321
6325
564
3866
1533
6915
9216
9217
4353
3194
8909
5782
4679
7393
8929
6220
2429
4690
9702
6548
9713
4044
2491
9290
9328
7396
8610
9346
3725
7534
9309
9324
9602
7291
7645
3067
4464
7441
3260
9744
2333
2368
628
5661
3025
4155
4578
4353
5651
4679
31
642
7815
805
5454
2365
1598
7667
9708
2336
11
9460
7885
130
9181
2368
1582
2177
3667
4543
6960
3160
3050
4840
5840
8616
6917
9632
1214
6485
2191
9102
7582
2823
5959
2143
78
173
2788
1342
4552
3291
9676
3099
7764
3084
6343
9713
2948
9270
4110
6301
3071
4899
4154
8197
7765
5583
3607
4787
6327
6222
4258
4036
9034
9452
8539
2056
8232
8746
5827
6503
2202
2224
2831
9475
8047
2889
4294
6609
3417
7386
8265
9394
1518
3770
349
4560
793
3813
1418
9012
9215
1517
1913
8196
6838
3684
7565
4979
3442
3295
6040
9182
5489
8421
1882
9892
1628
9131
7461
130
5431
6393
2017
4229
6489
5670
641
8873
9158
3191
5608
1410
7756
5566
9682
9129
4120
7938
3741
715
5900
479
3220
2571
3099
7133
8489
8597
6277
1692
455
9446
2960
7915
9300
7976
8177
5506
9012
7781
9614
705
1716
9121
6232
99
7913
2441
1472
5800
6842
7742
9863
1963
4557
9529
8032
6856
4076
5495
2717
4433
9255
5952
7332
5300
5404
7678
2469
7935
7375
7741
6942
898
7114
1597
2689
4301
2190
5135
593
5324
1225
1051
1719
1634
5227
1189
4802
3525
7326
6166
2988
5355
6189
1393
3715
9256
2907
748
7766
809
6071
6490
6533
2936
2885
4801
7698
6088
3264
6482
1007
8797
7288
3207
9065
5321
1989
5142
1905
4674
2447
5677
8877
4694
1718
7486
4886
2318
4521
8413
5205
4569
4068
5329
1236
1411
7983
8492
3638
7276
949
6528
8586
7651
2186
5490
4145
6930
8227
9881
3809
9252
5405
6341
4936
8418
9763
6938
9482
9084
316
1411
6534
9091
8265
3721
9877
1035
7876
4855
351
5062
7054
8886
9152
1560
4146
5239
8875
6339
6519
