752
277
423
645
451
437
407
976
237
4
319
246
315
401
738
259
391
539
719
244
545
15
694
721
918
587
634
163
716
87
531
355
427
938
197
77
279
271
160
849
955
922
499
619
974
808
768
806
611
104
991
798
90
932
250
218
619
436
329
584
359
393
480
874
948
332
490
93
869
448
53
374
969
543
270
837
831
460
694
374
9
578
808
496
867
805
861
122
561
433
896
368
811
17
742
183
334
883
135
147
792
99
690
266
266
51
175
602
21
871
23
602
896
62
309
104
46
121
228
420
691
229
179
453
222
226
615
510
209
90
853
139
335
456
888
840
215
121
885
678
366
419
903
73
48
897
387
899
444
373
391
527
884
689
404
934
321
53
134
309
354
201
945
743
417
71
276
299
972
914
287
741
793
789
132
575
406
861
998
993
509
464
43
309
422
347
71
361
101
902
34
270
954
703
305
195
189
300
929
920
981
611
690
36
443
245
20
597
425
523
669
688
124
156
237
292
204
548
947
399
459
459
668
962
687
334
418
642
659
484
836
554
473
141
424
355
124
880
655
695
940
232
949
802
294
640
512
514
131
168
79
970
898
297
609
439
322
342
517
106
709
69
993
601
73
748
26
34
842
740
347
37
467
155
840
601
679
301
595
85
853
187
586
282
730
589
736
387
979
821
481
215
341
8
694
261
756
542
499
226
316
400
813
964
933
317
652
842
347
52
193
250
784
818
340
173
188
139
536
45
212
177
793
391
597
276
394
449
270
632
200
141
716
871
252
86
598
568
250
150
715
659
532
806
134
751
918
248
522
527
85
8
493
412
960
305
700
885
307
304
838
738
257
603
844
364
153
618
425
415
27
812
79
134
356
289
191
304
686
487
986
121
618
411
846
784
874
337
549
501
191
626
799
353
383
825
362
476
919
683
621
647
550
478
721
728
779
76
147
632
489
726
546
480
882
253
131
637
425
993
150
518
264
228
500
545
448
576
377
39
556
607
946
339
481
938
641
149
537
856
443
432
709
489
453
250
426
214
457
343
924
620
861
762
859
275
80
618
205
344
899
724
920
814
574
212
820
696
861
691
9
200
967
300
410
4
113
99
719
725
479
913
45
754
699
295
597
705
911
668
443
365
769
264
69
461
158
894
681
438
276
813
683
633
409
230
493
830
932
532
720
594
715
616
290
418
21
675
331
35
765
71
346
187
793
472
734
503
185
355
159
542
704
883
484
782
265
931
122
720
876
251
916
392
200
979
946
922
868
751
423
803
887
872
526
629
85
697
533
587
445
346
562
250
199
893
912
744
741
801
508
661
954
970
74
120
569
189
954
151
71
108
706
773
621
144
255
577
775
151
883
136
122
764
738
241
874
756
993
93
712
293
397
51
808
265
326
926
830
758
464
261
43
435
333
324
461
339
76
552
144
142
412
459
544
639
346
750
715
469
810
414
424
887
572
87
771
59
890
221
92
729
909
769
110
337
884
853
281
898
588
695
743
157
106
368
331
372
178
962
932
126
321
239
63
563
947
78
752
964
353
18
582
328
906
501
309
687
71
155
540
6
934
253
555
710
403
184
754
907
509
76
948
58
708
380
255
410
803
767
826
547
64
371
904
346
812
853
645
796
64
266
981
885
310
635
889
177
133
541
81
41
473
847
682
773
645
111
473
497
567
432
633
340
972
20
784
315
441
598
244
930
782
628
359
584
445
618
143
278
464
877
130
569
434
191
238
722
387
32
544
280
385
454
823
909
448
738
946
891
280
767
964
837
817
886
788
737
512
572
792
682
858
230
796
554
31
235
80
210
588
200
164
519
292
89
747
524
640
445
724
790
812
169
966
48
920
870
692
253
79
920
465
117
462
790
669
324
580
133
2
666
168
196
467
714
626
117
488
494
403
230
642
506
628
104
20
752
262
743
440
628
598
382
359
308
843
764
92
748
344
933
243
331
827
595
589
169
21
980
427
787
895
514
445
417
930
322
114
955
56
176
243
744
229
899
614
830
706
561
857
661
834
99
304
279
361
271
359
734
687
938
389
296
583
196
678
633
991
719
825
956
583
601
478
321
887
233
702
769
331
564
761
318
25
916
931
75
320
195
310
976
830
509
230
862
329
961
83
773
726
699
256
1000
965
322
932
607
266
343
660
205
920
85
596
465
383
947
250
217
919
374
372
921
347
394
391
519
829
99
225
63
844
232
131
208
856
447
320
749
548
262
462
739
140
180
981
644
411
965
840
476
613
122
709
328
683
660
85
635
347
991
190
880
622
863
874
283
677
841