1311
1702
1336
1347
230
256
759
78
1522
422
1419
140
1902
32
1246
361
470
1485
509
1765
905
1235
1596
1909
1005
734
963
1504
664
532
1760
958
1590
196
1852
1126
1494
1874
735
516
340
186
851
1167
157
1092
93
879
1626
1072
1066
1596
61
1541
1359
518
1602
626
1990
278
944
17
1441
90
1767
499
737
742
1249
1706
1904
1731
1921
1604
1739
576
1267
1129
1610
809
901
1078
1198
1228
127
423
905
894
383
629
671
165
807
1475
90
1406
675
25
995
1034
823
349
860
1506
1472
1999
1976
1706
8
663
1662
627
1008
1729
1292
1079
1218
1387
424
1347
997
265
1645
1263
1908
352
135
37
1728
141
744
276
528
688
194
784
1601
31
1041
805
1920
1795
1520
802
1906
609
769
1194
1640
1282
375
1865
458
508
66
1338
1166
1968
1428
1682
625
1530
1377
1928
1717
761
1653
179
358
151
1748
828
287
563
1445
534
1042
1672
721
1103
1312
360
441
1715
1522
1941
638
950
932
1475
1494
1276
161
1877
1247
1584
1912
1752
1099
1554
968
152
252
663
1573
784
115
420
1997
377
1544
712
1952
1191
1296
853
675
1282
450
1713
1322
304
253
470
700
1112
524
234
1306
282
1750
1639
1189
1190
1759
502
803
899
1439
601
1843
1495
1168
1055
686
142
310
986
708
875
993
788
314
1833
1378
1534
990
1936
589
1736
1420
595
178
314
1070
904
434
1094
1793
816
21
1159
1264
1550
1908
398
1314
1970
1550
1568
889
716
302
1369
1398
215
1651
867
325
145
1032
410
1046
60
576
1332
242
528
35
1346
1127
72
22
1406
937
1374
1240
458
471
1498
1536
814
724
1074
833
1840
1067
527
730
1039
215
1283
1325
1683
1248
440
1920
678
692
46
1057
268
1984
1740
618
1599
1947
143
676
1654
973
1357
1685
180
1846
166
1973
1491
372
534
1162
471
1393
1391
995
8
1404
434
1711
535
1990
121
995
1456
396
1917
473
471
338
1066
973
1848
618
1434
1493
173
988
998
407
578
977
1189
202
833
1925
311
1123
126
745
1277
1757
1900
856
1879
1551
1367
1825
1045
1373
551
1615
169
949
1057
1149
54
630
1650
1905
945
1682
262
1722
182
1496
1387
1387
155
1412
708
735
1414
1279
456
132
10
524
720
1667
1088
282
1291
54
439
1534
1652
1501
1440
929
1515
786
1114
1812
1630
22
1374
1373
733
14
856
1622
1524
1933
86
1094
150
1164
1956
1630
611
934
314
1562
1211
1029
1187
1570
63
1669
259
69
1703
1940
1656
1214
707
11
1710
148
1278
1166
792
1562
1387
1381
1674
700
1370
82
1690
1205
1963
589
1443
86
1557
1422
367
1147
934
1394
1661
65
1783
467
1497
493
513
364
1137
571
926
909
610
1832
193
1310
245
1683
1529
1521
521
1366
1543
1586
1861
37
1896
790
55
987
1151
138
442
979
37
1679
1726
1374
1944
948
1600
1958
787
1083
1427
1358
758
693
12
1051
53
794
1470
726
1876
1892
1716
1832
1526
974
272
1908
242
1386
427
709
1824
33
844
431
1000
268
1253
1855
1689
989
1626
1416
549
343
1531
1424
451
1300
1724
1433
402
1728
622
1782
726
1725
1855
1431
1063
153
1541
1458
469
1557
481
73
287
1783
1706
891
363
1437
863
1609
1776
1005
658
738
1270
454
418
1275
1855
1887
807
1563
511
1015
1447
1620
787
508
587
81
1665
1533
70
1903
1650
1582
1938
854
644
1122
1055
399
199
295
932
301
1753
1664
1461
1219
1770
1604
1244
1207
683
894
1965
470
1338
208
1404
78
1506
1523
218
1928
635
391
891
972
1008
748
240
855
1004
1014
907
1414
583
177
1941
1747
1217
1311
1617
786
801
1053
1301
857
1438
810
1444
284
1962
1555
152
1302
1032
1176
1145
236
370
897
416
855
778
1047
811
1279
535
1110
504
1330
683
75
447
260
268
1068
441
1093
1237
1489
955
398
1367
1177
956
80
536
1795
744
1438
376
941
1938
1458
1258
1825
1637
140
1288
991
1442
221
1140
1454
473
82
474
1347
1433
194
1426
1685
126
545
1262
1893
1397
1504
565
1821
780
1086
922
1847
1406
147
1095
501
102
1497
1033
653
412
696
1731
1485
859
189
350
1670
1761
1819
2
1654
418
1366
1900
1016
1979
1913
209
656
539
48
616
3
1397
315
1029
1359
486
664
1682
1203
1148
1236
1262
1954
223
1753
1375
1222
701
848
1773
863
1130
1597
1348
1305
516
1813
877
1361
584
1803
1255
193
1449
1361
1029
362
1472
416
1346
1648
1439
111
490
1246
51
1118
510
1156
1881
1872
1866
1453
1070
252
1458
1892
1525
1116
1760
1714
1514
69
934
1523
1986
601
882
1063
287
1561
282
190
1663
1788
747
1730
1297
788
1710
1737
1315
471
1854
135
1641
1366
892
173
751
1463
1336
2000
500
83
1159
144
839
347
1268
1670
287
849
1944
433
929
1559
430
1606
379
827
962
1215
1896
445
1710
1643
616
1248
302
1598
1800
2
1346
859
381
11
1152
408
1958
776
233
15
1701
1825
664
93
1271
974
1880
318
660
491
635
381
399
354
1
806
439
905
114
191
37
964
448
1871
507
1265
1324
355
1299
478
321
1962
495
471
985
1720
1537
178
440
988
1722
661
1995
1951
1849
1389
1870
1273
1863
1887
1158
1629
1540
1147
69
935
1740
706
1331
1416
1797
1422
669
337
999
986
1398
1780
1774
1925
462
957
354
526
115
1623
1795
355
1598
1874
771
896
241
374
1541
96
1613
901
299
717
462
1456
134
910
1071
1310
1716
444
877
1570
1414
44
575
719
1937
1700
582
666
1805
1799
1130
892
1441
785
1074
605
1243
1095
1782
17
1623
296
398
1034
1294
1814
1057
664
40
1771
1664
1934
1214
732
178
560
336
628
1169
1811
418
311
423
689
601
1010
804
1403
81
1336
1046
1523
1403
1902
1787
1880
1571
1431
1841
1139
1419
1367
1488
723
943
684
73
1732
1486
286
730
199
555
1222
1592
676
1858
610
861
1743
632
870
1313
1733
516
1539
1617
844
277
1120
1571
1734
1372
1231
622
234
1418
646
348
399
288
918
1897
516
1046
1098
70
1153
1482
406
691
850
1770
577
1640
371
831
1409
1816
718
1382
74
240
1253
1193
1144
388
377
1298
145
1413
586
966
1019
1772
1726
680
950
618
1724
702
1746
1792
1082
1530
1687
865
1214
1922
1372
706
1774
998
1403
272
1321
646
1782
1660
223
1230
1121
1018
1695
1590
1966
301
565
1264
1258
1699
1448
758
1723
665
28
575
977
1408
892
1469
1592
1564
589
1828
323
3
1450
440
985
656
1916
919
128
558
1987
411
436
529
1428
1313
1023
1640
1474
330
216
1503
600
687
1128
569
681
923
903
621
1026
1342
1471
302
442
314
1244
1401
1706
1370
677
305
1714
1328
1672
1678
516
913
960
1748
1863
3
437
1784
761
1516
1118
523
624
586
1081
230
1841
1042
1993
1776
1189
1801
339
1663
665
1585
537
1736
1429
453
1896
1710
1735
14
1868
1193
1669
91
1835
434
1748
624
1817
1573
546
849
96
737
602
1442
360
1623
1416
1418
147
493
947
1487
283
892
607
1373
984
513
1057
860
866
1302
1047
1724
683
1956
523
1970
491
1625
630
1895
1025
890
1102
1555
1129
505
369
1120
958
271
111
342
1800
846
763
519
1528
956
52
135
1480
1715
1707
1131
8
1536
698
770
1596
459
458
1187
1748
1346
1642
446
1242
669
995
267
363
25
954
1371
1172
1447
373
610
1624
232
1487
804
456
1972
1376
133
899
133
1620
1797
876
1123
90
896
1471
1964
1889
1625
1819
1756
398
751
1812
1153
1737
1054
1088
1767
704
1045
110
21
673
625
1708
1691
1349
1715
1052
757
748
14
781
993
793
1487
1605
89
1130
869
1200
1918
1209
611
1670
1619
923
519
284
1546
87
1141
974
184
1974
730
1073
1708
160
591
541
1183
1216
278
1971
1337
656
1564
753
1478
641
1714
166
1059
1400
1607
1283
940
781
1102
539
1328
236
368
1727
1074
1532
927
1570
1870
1746
1501
1991
1148
880
1350
1039
233
1727
832
1713
880
1104
1747
1776
1784
1587
995
530
1222
470
549
250
1450
1157
1483
1616
1998
217
670
1852
1297
491
540
663
1961
1890
1596
1163
1903
437
740
1231
596
1669
782
193
483
879
1229
404
726
1261
1868
882
674
619
225
1444
902
131
1169
1391
1502
1329
1273
109
1846
248
945
409
451
1412
376
243
54
903
1876
1196
1310
669
729
1156
1869
818
1863
1102
637
1443
803
14
1547
1946
1765
1370
405
1342
194
1048
589
1098
1593
997
1447
158
1633
1048
1913
334
747
367
1473
315
392
546
135
1056
806
1570
1923
1569
518
60
495
739
1958
1569
1113
1315
1695
1860
1105
838
1265
1091
1342
1369
1007
253
1582
55
1381
1823
1715
1670
616
1838
800
1567
402
1979
1671
1826
1559
1062
210
1386
281
162
497
1024
291
852
414
675
1028
1899
1261
814
358
185
1967
110
717
1411
1349
1104
522
566
1088
387
1263
1266
998
819
1242
1094
980
1583
1228
811
690
821
1425
1838
1318
493
457
292
1547
1536
64
1256
1568
1017
1023
996
191
554
268
177
1691
788
339
1730
848
1664
1685
864
1209
1760
244
89
1263
1964
701
385
1788
1893
1862
798
1611
754
735
1064
625
1104
580
84
918
1693
1501
746
344
1545
1272
161
41
1226
1298
298
568
914
1596
947
486
1988
874
101
1091
725
132
551
64
1986
904
416
258
1593
1109
562
142
1895
1107
391
578
1252
517
512
493
1073
1954
1790
1238
1935
1157
724
840
478
1340
1206
933
9
1142
736
566
461
1719
1756
764
547
801
1707
849
1482
1612
580
1652
445
961
709
1594
328
80
1841
565
1570
1464
587
1568
897
1874
955
1469
1678
1107
356
1141
1966
630
57
165
693
1757
523
1830
121
314
1298
560
1753
1064
471
304
580
1368
1646
1888
1601
1773
1439
613
47
401
737
1633
1079
666
1717
1404
1778
1551
143
1712
1484
602
981
298
182
1434
1901
1892
788
1089
1722
1312
318
1802
1744
1659
873
1834
1840
291
327
1507
1973
565
80
1284
18
795
1109
480
975
413
962
705
1037
643
1097
1883
505
1105
752
1029
239
1360
1233
1819
1626
1150
819
190
78
1582
1910
843
1097
1675
894
713
695
553
731
519
11
1092
231
636
97
906
879
515
1266
994
1094
919
543
1547
1805
592
708
1187
413
1965
832
664
419
559
509
1134
851
1601
754
739
61
1528
1969
533
494
457
612
931
315
1837
141
1168
341
705
1309
906
674
553
887
692
1469
1969
1084
1374
1948
491
155
238
1772
1994
782
684
238
839
1548
627
411
35
1944
1105
1356
1599
1261
1020
421
1404
323
1550
498
1000
1564
516