2366
2649
3403
4260
1725
1858
4542
3240
1112
657
1265
248
3677
3959
4705
1393
4721
4238
231
4732
872
1843
1317
3632
3536
680
2067
1249
2141
3546
1012
2031
480
2554
3867
4556
1709
2855
2638
4024
4180
4589
1209
4783
1493
392
4171
4860
2444
775
4744
2708
1005
3343
4196
2469
2157
671
3357
2107
4296
883
2817
126
4128
1630
1650
669
746
770
4685
1791
4156
3778
4757
4075
366
236
2509
1232
4048
562
3833
3814
304
4029
3810
689
3041
4322
4372
630
1657
2190
1373
368
2842
1146
3145
915
3108
4444
4142
3212
566
4188
3808
1853
1294
472
1791
3279
4338
4604
2390
4575
2184
3087
1449
1775
1161
261
806
516
3028
1588
4370
4726
1023
746
432
4019
602
3918
2448
1166
1541
816
2899
3624
1986
4382
243
1555
2153
589
2838
4081
1091
1407
4690
480
475
1596
3045
1584
1065
423
1384
1660
2550
1476
3492
489
3728
243
1931
2231
3687
3677
1169
220
1401
91
1869
435
4487
251
3541
1957
3669
3754
779
1198
1638
2864
3551
176
263
4334
861
4049
509
2804
1212
4994
2841
779
3588
353
933
2487
2199
871
2093
1848
4686
2343
3960
2442
1349
3795
364
351
617
3749
3141
219
4212
1756
3117
4742
3211
3705
730
194
1126
3029
4762
4570
2967
637
4963
1561
2751
6
3404
4134
1085
49
3312
758
4271
374
737
1462
2966
1734
1068
2489
543
1070
967
2849
3133
1583
2871
929
1194
2701
3302
539
2834
3182
439
3800
2154
2138
4767
3530
3438
599
1484
2283
1151
1024
3485
1099
1311
3801
2657
2027
2666
2490
3275
1676
331
645
147
4236
548
4761
1724
3976
1279
2833
1937
2848
275
1514
2722
4551
3148
541
27
507
715
177
2101
1896
1013
1815
3723
3862
2390
4266
1639
1407
3519
3041
3155
3359
2202
557
4823
4454
3335
4665
4656
3514
917
2581
1936
3775
4179
1508
4767
2337
1846
3192
2623
3571
3546
2215
2407
4509
683
961
4922
4768
3070
1752
4110
4648
4741
3422
3920
4489
2752
4023
4755
962
2485
3147
3631
3264
430
3696
2244
2443
1712
1629
348
3131
4909
924
3494
2747
3692
2844
2059
1038
83
2465
424
1367
691
524
1823
4350
114
268
2254
4421
1376
3300
65
2268
4748
3403
1928
1244
1794
3033
3579
1533
576
1861
4097
842
3547
1409
2213
3339
3198
1647
3546
3690
4521
581
556
1166
4207
96
23
4708
2105
2066
4707
3061
2826
602
360
3543
3810
429
2565
555
4580
3701
49
2818
1697
4722
1320
1827
3928
1483
4020
3817
1686
4799
234
439
4454
1194
4475
3526
2607
613
4213
977
898
2485
4262
225
3525
796
150
4583
1930
2278
626
3091
469
273
2328
1997
4273
589
4100
3921
1475
2891
3599
1035
3687
4668
999
180
572
1854
138
625
3439
2936
471
677
4841
3985
2121
1597
3416
642
1850
3997
2169
3369
2431
3211
3640
1043
860
1686
814
980
4085
850
4004
686
1055
1991
1891
3532
3958
3796
4642
353
2601
3885
4073
692
3620
4265
1988
86
2430
4329
4299
4333
3559
1238
707
777
4540
85
2504
2270
1905
2731
3422
4827
397
228
4733
2505
3136
4613
3835
869
822
2147
1952
2596
3220
1688
3279
2370
2614
890
724
438
3862
586
3345
532
4406
1581
1754
2983
4729
3465
2978
4619
1386
3307
1267
2488
1961
3768
2780
850
3644
122
1894
3292
3191
3453
938
3350
2685
910
3935
2000
186
2494
389
430
942
3098
2614
3093
2320
3187
2149
1388
1752
1338
3509
4958
1273
1095
4730
1253
711
302
2967
2738
4279
3938
4255
2978
3230
28
2582
2334
2665
4596
1496
4565
4743
2793
1271
2904
94
3541
3511
287
1020
2660
2433
1751
54
632
4506
874
3214
795
3407
1693
2066
2405
1706
2563
1961
4244
340
3061
4634
3059
3282
1438
1591
1399
4010
279
682
1599
1710
4420
3479
4965
1148
2644
1470
4210
1792
351
2349
136
2133
1806
2704
4000
4364
2659
861
4736
2775
3385
17
4746
1395
3534
4656
1685
3643
4647
4694
4352
32
1827
4852
3688
4713
1440
2916
1250
1536
4724
2117
715
3285
3538
401
4992
2490
163
4686
1346
2476
721
3045
2798
797
221
3154
4845
4079
1064
2287
2244
435
4171
4390
2844
3491
1139
4239
4413
4973
3185
631
385
661
952
2181
1867
1614
3553
4045
1804
4826
552
3286
2496
4304
2242
2314
319
812
991
1808
4498
952
2515
3864
4644
2741
1305
2763
1995
3711
404
805
2657
1641
3472
4100
3517
3017
1951
4365
1236
3812
1579
47
832
3399
2513
4752
3021
680
1465
3487
1678
3310
4748
3478
470
876
2634
2964
1014
900
2995
1446
4702
900
934
1022
3041
514
688
301
606
3093
68
927
1098
325
1300
706
101
54
1525
3980
3530
958
1755
4088
1373
4612
3795
281
2906
3315
237
2237
852
4817
4259
2965
2997
1787
888
395
441
4727
2323
3329
4090
4876
2864
2465
293
2100
3076
3783
1236
959
1733
3022
2327
2409
3407
2815
2681
782
4289
2268
4016
1452
1944
400
2187
3587
12
4625
178
3686
1224
3554
3398
4727
4781
1846
3713
3483
1562
2680
4476
3781
1937
3034
3005
764
4114
3837
4503
2184
4329
65
2906
649
1128
677
714
1630
4640
2815
4691
3409
2628
2193
4488
4400
4639
4116
1890
4427
2329
150
4534
2470
4408
1807
4725
4376
2452
3677
498
3517
4170
649
1679
2438
70
1980
1157
895
1608
2947
1302
143
4389
4197
1774
1917
1991
1319
1534
4257
2016
4255
3463
399
2544
2389
3018
3769
789
307
496
3040
2757
3307
3446
360
2606
1123
4003
111
4266
1093
154
3452
3803
4304
3267
233
3787
3399
3536
1853
4798
1098
3983
3951
3384
2259
4147
387
4894
686
1583
1333
1445
1811
3016
2094
229
1217
3246
2721
855
379
2787
1142
4774
2332
4159
3946
4460
3132
1006
56
1895
4503
3414
964
108
464
873
524
1399
3189
1530
2317
2057
1084
1521
2032
255
4685
3352
1952
4711
3782
3156
3789
4650
4766
3301
4168
3265
4225
3796
3103
3283
3149
1995
578
2584
1607
2038
809
2595
1810
4380
955
390
1959
3661
2091
1276
3642
1856
3911
2334
2015
2831
2464
4176
4857
1334
1436
510
1818
3393
2561
4015
4734
4811
3169
2983
496
1067
4549
2691
4925
4726
256
890
2303
326
3165
3820
615
2115
659
2510
39
4596
1653
2861
1840
2281
3459
1427
3097
895
4448
198
2076
3007
4366
342
1311
2269
2870
4402
1431
27
3711
2692
1651
1842
3566
2906
4716
675
3051
3172
2885
2691
3419
1258
4237
2617
1434
486
1571
2125
1010
2062
744
3629
3865
2855
4422
2229
3394
4947
1420
1442
2241
3974
1239
3802
1177
1504
2440
15
4202
3872
969
2844
314
4062
3328
3054
2792
3768
3608
818
2694
4724
3267
2666
2822
2268
1042
2456
315
4171
1970
551
223
2287
3306
2862
3492
215
1275
299
1170
2229
296
4175
1252
943
3717
2768
2182
3088
4030
827
1995
4754
655
3872
4960
892
1636
214
1829
1519
1398
1168
4339
174
303
3844
4218
3956
10
4493
3029
1060
2069
4899
4066
601
1555
3710
2439
2105
3985
4318
4062
412
530
1605
3979
1353
1337
3596
4327
3929
3290
2514
1605
2284
4749
3101
4923
4043
2826
999
537
805
4902
1426
2249
1725
1696
4685
426
4698
2910
1032
2973
779
2606
3395
851
4551
1873
3024
521
3923
550
4159
2889
2744
992
4532
4556
1538
3546
4499
2195
2773
282
4876
249
1811
901
3034
143
3000
3592
2287
4822
415
1310
2568
3636
727
62
2198
3766
4747
4408
3724
667
4602
1362
930
1713
2036
1184
1016
2205
38
166
2937
4568
1078
1537
821
214
4103
3471
4239
927
4729
4253
1129
4449
3262
1728
2329
4114
4384
2365
3304
4219
2997
4622
1320
1866
4989
1982
4395
3478
1144
3023
2609
643
1079
2236
798
2269
448
447
1710
3146
4037
4458
220
1791
3513
4035
1476
401
536
1442
1053
4599
4810
1680
1910
2051
1200
2912
4812
515
1526
3031
2448
2482
3048
3204
3225
4604
4259
1296
4809
218
2144
4619
4408
4087
4382
3153
2138
2038
1307
2723
1976
2135
4769
989
1307
1658
3441
3323
3826
1352
332
2387
2284
2835
4250
3272
3069
244
2446
4894
1874
4110
3828
526
4010
1783
522
1433
4277
941
4794
4971
2515
4136
1635
46
3573
572
787
4023
1469
556
4211
4555
4978
1649
3448
4524
1907
4658
1464
3182
3292
3786
614
2324
3580
4504
4494
2206
4146
4600
513
3268
2537
519
758
2585
2162
1696
2046
1928
1431
3774
1617
4471
4828
1204
2859
1434
4287
3587
509
3841
937
2042
3409
4163
4339
4030
4510
1758
1401
49
2358
2515
1707
1590
123
4604
4800
909
1166
2825
3868
4806
2078
2082
3773
4311
3881
640
3512
1239
649
1179
696
3966
1698
3524
1049
1091
4570
1087
3193
1546
3867
2449
3715
122
1089
3947
1303
999
2778
1991
753
3795
4705
4131
3067
933
4772
1847
1866
1213
2569
2072
296
1715
479
2880
880
817
3355
3011
2645
3736
271
2917
2841
4462
414
1105
4234
3440
383
2823
1242
2959
3146
74
3452
3880
1228
1448
1980
3754
816
2227
3397
2372
2326
1490
1809
4577
1132
731
1484
189
3165
2882
3272
4812
1068
2471
2526
2197
1070
3909
4379
4947
2295
3567
4597
653
4878
3380
2908
608
3419
4478
1585
4483
3096
541
868
4165
2932
3753
723
3582
827
2564
781
547
2240
1541
1089
1261
4018
3477
4846
2161
2233
4227
3120
534
4540
310
2609
2514
4969
4722
4126
1771
4714
2604
1961
2932
4276
4517
4234
4923
1664
1750
223
1307
3846
1610
462
1286
1012
4564
2432
4647
2748
4661
849
955
3800
4589
1208
1157
860
1344
4974
2773
1629
3555
4762
1676
3539
42
2966
4071
4444
2532
861
2528
4829
2084
1238
162
4994
4118
3543
72
2026
3642
2644
3653
1789
641
4738
220
4091
3613
4255
2155
340
225
1268
3408
1491
1036
3555
450
3308
2984
1840
4873
4302
2363
1234
218
2370
2151
3194
1108
3346
3531
4011
4383
4186
632
4697
3345
59
4212
3954
4960
4927
920
4020
4384
3205
3375
4172
2813
2812
3209
4824
717
497
700
2465
1847
4529
4509
1871
4737
3921
3053
4489
440
3706
3904
1879
3791
3824
2032
2384
4120
1112
85
846
580
2645
779
1914
2460
3353
1665
1179
1931
1971
1395
3609
3074
3240
3097
1755
4740
4126
1519
714
3882
4694
1784
1252
703
745
2693
4552
4394
304
4795
3793
1425
1707
753
284
228
4029
4184
375
3813
3446
1166
2553
3752
1006
4083
44
415
1032
2077
269
4356
1541
4941
1369
4959
4675
2287
2600
4436
4188
526
2954
4863
3926
3750
4250
4300
141
2540
1866
997
900
1442
2936
3204
224
1287
1985
4197
201
3445
3722
2595
4841
4570
3520
2290
1550
973
39
2377
1089
59
1937
1711
4173
541
3342
3029
3254
3072
2436
197
306
2795
3354
3999
833
2261
2287
3113
3702
3725
4385
4354
4975
1869
4550
203
485
4807
4041
1173
1098
783
789
3103
3859
1814
1554
4386
2124
4664
3029
3245
4301
4025
2432
2658
4131
1363
2368
1966
1590
2702
3983
3645
3094
1877
387
3765
2709
1765
4206
8
2644
332
2712
3454
1810
1578
4240
4399
1087
4937
3010
368
4406
3073
2204
1639
4217
4649
3685
3232
4458
3747
3200
4104
3754
1502
3640
4021
2880
4339
4947
1717
3937
3674
4374
4675
4428
1002
566
2507
249
3948
1540
273
2301
3182
1440
1672
4021
2555
4581
2612
1006
3290
4749
4884
2150
809
999
4364
1823
2229
941
219
886
4731
1316
418
4608
2328
3053
3671
2708
1947
4480
3808
2767
3448
4600
3851
921
1781
3242
991
4509
681
2607
2272
2752
3457
4126
2301
3931
1243
67
3436
3205
257
4552
603
4448
2367
1644
3657
3998
1533
490
4902
4868
4834
2995
2728
4130
1770
1216
939
720
3767
354
3556
2613
4697
881
2772
4630
3990
4309
4249
3501
2049
4344
4639
3128
4669
2198
3830
1981
2946
2929
3213
4065
3512
1516
685
3552
1024
4970
1490
1671
778
4362
4696
4402
4569
1784
552
1412
411
893
1647
715
5000
149
4156
2526
2349
257
4220
3043
683
897
3515
1579
4634
2594
72
1442
2002
3297
1457
4597
4483
4328
122
2659
57
4154
3224
3051
3163
4158
1530
1272
1451
4907
392
1345
1276
4333
2398
600
2043
586
4381
532
1967
1008
4791
1896
4533
3844
3881
977
4410
607
2399
561
3632
1910
2199
3214
1332
4009
4354
2916
4358
4310
2430
2322
1
411
2548
4774
2617
3190
4700
4166
2410
3703
4
2547
883
372
359
1185
2304
1284
3023
1905
4707
781
1963
4778
4186
297
3693
4031
2058
1647
1449
608
1044
1583
1068
3563
3875
4156
3508
367
4800
1725
4421
2155
3793
1287
56
4598
1142
3875
4111
1565
243
1314
4178
3665
1514
745
4516
1411
34
1923
1028
3739
806
171
3199
3898
1899
2631
1890
3734
4495
2330
1902
4951
2368
1543
1050
3162
122
2285
1078
1685
4565
3344
3559
3829
4742
86
1282
648
1636
3951
1428
505
4765
3096
4796
1068
1259
4000
1206
1440
4486
4995
2802
3057
3059
4631
3612
288
3949
4658
83
4840
2429
3456
335
3174
3989
626
4700
1181
4753
1757
3204
2792
25
4172
1860
3634
1279
3237
4369
1917
62
2169
4740
261
1888
592
3001
3032
194
3709
4565
3048
639
970
4797
1178
2455
3441
154
476
4614
3714
3604
3473
2976
3764
200
3863
1301
3839
1008
1418
663
2870
1091
249
1167
4290
2400
2853
166
3767
402
2217
934
4868
903
4454
1067
3709
1698
1540
263
1630
4521
4449
78
4934
3757
1976
313
2750
3554
2861
760
3385
3761
4755
2680
1931
640
1093
38
4683
4673
3895
4149
1554
3244
3318
1403
3832
4203
2910
2219
3989
1179
3235
4454
2359
2989
1241
513
3767
1526
625
2479
323
4698
2833
4403
1743
1087
2160
3962
1125
3477
4128
2866
1975
4101
865
656
1334
4735
581
2970
1522
2212
3738
3807
618
3033
2432
820
3931
4944
2825
4380
413
1875
3166
742
4898
2297
2930
2800
3459
3690
3488
3226
594
1134
1998
3321
2280
909
3054
3544
2089
271
3767
2749
2017
1404
2635
2657
920
3910
4029
4706
1506
3634
3496
1597
3641
4476
4468
1948
3652
933
2870
2821
3202
487
3985
1469
2513
1902
1255
374
2498
4265
2652
3098
3396
1844
2465
1496
4430
3562
3048
1748
2872
1551
1264
2161
3645
2930
3859
403
244
2395
305
397
2937
304
791
4367
4343
3137
4555
326
4411
2045
4025
2892
5
4407
1887
257
1222
4589
2208
3382
3973
2283
1411
833
1766
1779
3642
1117
2945
2761
4299
1257
1538
3977
1390
474
63
1585
4139
4492
4312
2363
2586
2291
492
3022
2318
3882
160
4261
3485
4726
4692
4724
1466
521
2190
3105
763
2058
397
4295
1580
3183
1401
2336
1588
4751
2824
2765
3760
1321
4991
907
2622
1459
828
1910
3673
2856
3342
4504
107
4682
3522
3448
3624
1007
1069
3485
3832
3006
1028
3829
4216
4982
3294
4167
1924
2160
1002
1911
3235
4165
3536
4790
4950
775
1487
770
2082
4643
2404
3824
738
673
588
487
2930
3599
2103
3730
4787
4291
3503
278
3987
28
3564
3684
4735
4105
1113
892
4463
3771
1641
4343
4628
1674
972
4579
4209
567
1574
1180
3855
2827
539
2272
48
618
3116
2595
4538
379
3882
3941
2177
2072
2487
791
4065
3352
4252
2976
4815
829
1751
3616
1707
2569
618
1139
150
862
4857
4404
1744
3524
978
78
4785
4632
764
192
4367
429
3390
2892
1037
812
4249
325
4863
4698
148
4404
1453
1362
3295
4273
2580
1634
3123
3203
3922
515
1177
4529
272
4676
4669
3875
2680
4064
3019
4795
2939
3229
3888
723
118
2816
3303
3703
158
1116
4867
740
2415
2916
409
2845
2822
2113
2996
2194
1297
2421
4267
1957
4310
3880
482
1646
4131
4644
3399
109
4578
1353
4808
1670
1676
3350
2941
2417
4925
4053
2514
3535
616
519
3489
3665
3948
1376
4760
4387
1151
101
4697
2640
530
3317
4006
765
847
4974
4152
2232
1393
773
4488
2039
4890
4766
4873
2260
3483
4017
4301
409
1151
8
912
761
2580
4703
644
2654
906
2926
258
441
676
4416
3287
1402
3720
2501
3313
2752
4294
3048
1689
714
2327
4918
4532
3598
789
819
3529
2045
454
700
4860
252
4149
3690
2953
2381
1266
3652
1332
3767
1749
3196
3977
4534
2232
3873
24
1667
3089
4887
2714
1182
1227
2988
3612
1329
22
864
979
3093
3873
2199
3546
1915
389
816
1456
4220
1351
3009
3177
2463
721
1085
996
45
1437
4416
3625
4820
801
1868
4937
3719
2489
2955
1188
3839
4674
1446
1235
3886
823
3084
3758
987
3559
3643
2013
1147
2043
1135
4689
1400
1463
3539
3486
4342
3332
1373
3985
2405
1102
1346
1289
1503
1574
4324
904
3233
1097
3811
4539
2683
3954
1533
988
4399
3
2583
2988
1695
1490
772
2941
4994
2753
3685
4151
2298
2537
3532
3863
2094
3050
2722
3548
1386
3641
1066
3337
4438
4318
3848
966
985
898
4867
3016
4596
3231
1362
899
1069
1208
704
3007
849
2231
2959
2601
538
2730
537
1542
2778
3116
3335
1899
251
886
2386
3310
340
1518
3885
1173
4842
4768
3535
2285
3882
4610
4359
3773
2971
4170
2918
4102
681
3735
380
1470
1276
370
2834
2744
4410
3436
1048
962
2574
3737
154
2131
1374
3370
499
3860
3462
223
4185
3650
2166
3503
4199
359
266
1051
328
753
689
4706
1849
4637
507
744
4221
4289
1693
2978
3356
4371
4907
472
1244
4912
976
4933
2599
3112
4746
1647
2237
2167
4748
4421
2597
825
1292
813
377
3222
1796
637
3695
1933
1309
762
181
4531
1393
2586
3119
3495
4640
2942
2511
2935
3165
2446
341
3146
4775
3855
3606
2152
510
2297
4281
4486
1612
1393
2475
2294
1959
2275
1235
3356
2184
1575
1970
3130
2818
4770
3474
1711
282
145
984
2688
3401
4637
3129
2103
1255
2458
1735
2954
2417
4970
4933
3565
3500
145
1373
3031
3969
2812
4911
1246
4524
2979
156
822
512
529
3429
4183
1970
3151
390
926
803
1586
1818
3364
3151
4109
3311
2418
3834
2051
2271
3013
3691
1654
612
2419
2906
3291
3315
3327
2002
1088
472
1255
4964
3323
1491
3035
1929
893
226
1858
1857
4443
108
4672
4434
1741
479
849
659
520
3045
1870
2321
2804
3677
4850
3352
1921
2989
4668
3088
3784
2855
3216
1530
4770
115
3993
2556
210
1310
4435
4077
2944
707
1293
623
4325
4684
1306
2140
2709
2560
1046
3481
3357
2935
691
3896
1917
51
3925
928
4965
4634
4598
662
4934
3559
2491
599
624
1460
3703
1536
2037
2075
26
4520
2970
2783
4377
2471
919
2951
528
4669
1882
296
4210
292
801
422
2860
4921
1901
3779
3003
4716
2062
2907
3191
675
564
508
4449
3661
2313
2692
2054
749
1422
2634
1725
1682
1339
1751
3795
1716
3619
1093
696
4802
2853
39
2807
3065
218
2970
552
1612
3545
1645
3093
3856
348
4976
3689
4629
3440
3650
3772
80
3432
2992
1993
2044
2582
4608
4414
196
2782
3154
1253
414
295
3033
1468
4000
121
2876
4296
476
587
2972
1108
3800
1137
850
1219
4506
1759
2895
2820
2984
3557
3370
4459
1507
128
173
2463
3982
1415
4752
1138
417
2777
1035
2403
2468
4184
4062
4885
1078
517
1997
3715
4250
4802
4594
938
3762
1086
508
739
2525
1091
4941
1986
2510
4196
4563
4520
4615
4507
126
265
3478
922
741
1897
2068
1675
4565
3743
2080
1248
790
502
3651
1653
894
1387
3045
1042
4571
877
1775
3959
1971
3540
1819
4540
2775
407
1577
919
681
3909
372
3712
2560
358
2238
4088
3017
2974
4682
2073
3897
1161
1094
1212
826
156
3298
3766
4441
3866
3573
434
2634
2614
1344
3747
3048
10
3571
2626
1723
4733
537
461
1234
1469
3517
36
2685
2037
4371
83
2557
2400
4130
2539
1715
1136
1271
2599
4575
479
272
46
3035
2817
3469
3425
2043
1262
1145
4965
2373
4826
3051
598
1436
2499
4206
415
4277
4961
413
1761
584
926
865
820
4363
4850
3920
275
1768
1829
1625
3500
4115
2004
3457
1384
2459
864
4598
1233
1955
3674
1564
3376
2625
2605
3306
3596
228
670
625
4160
1105
1293
3840
717
3235
362
2207
163
4055
1617
4312
2301
2340
3404
4724
482
4961
3942
388
2132
91
2711
523
354
4106
4954
2804
523
1747
4044
1192
121
4042
156
700
3691
3024
852
2914
2718
4391
1978
2440
4826
239
4789
2988
3658
3062
1102
2011
957
2396
1391
495
2716
1167
2263
2145
4252
437
569
4908
2525
3819
4911
4953
3979
2385
3185
3434
2030
4658
2767
2158
409
1468
1842
2150
1068
350
1200
3164
2730
3701
1320
1471
28
3778
2802
2315
3970
1970
1601
1987
1254
4961
4949
1800
4808
2325
134
4541
2404
1523
2548
4216
3826
2786
135
3458
1057
3431
2303
1425
2820
617
1414
3428
1495
1913
1886
3030
4537
3884
2654
647
1451
1327
536
2040
2877
2335
4109
323
3446
605
4275
2977
4160
965
3919
4643
695
3233
1778
4926
1288
1245
3905
1763
761
1412
2979
2534
3954
1797
1880
4793
566
3353
4342
311
2149
4806
761
237
1548
3023
3384
2219
4341
126
2333
3103
2137
3773
4314
137
1808
327
2551
4863
2503
3838
1249
3646
1848
2348
3484
4266
2263
198
2918
4568
3984
1100
4745
1985
3708
2713
4724
3887
4158
3573
4852
546
4737
61
3418
4460
4228
1748
2148
4058
1872
112
1199
2748
1891
86
3092
899
290
3075
2008
4592
4101
2735
2867
3415
567
2618
2288
2379
4296
4444
3258
985
2332
1498
555
1030
2143
1271
1605
1460
4590
36
91
284
3936
2981
3911
2798
173
806
493
4906
1653
3784
4875
4920
4969
2386
311
532
834
4078
69
2725
365
3243
2015
4757
3354
162
4222
1373
3349
2194
1011
3918
1377
72
1401
2237
2145
2011
903
4925
699
2508
784
22
1635
2517
2797
2176
1814
4154
4484
4818
540
2582
4214
1495
2321
706
2015
1019
752
1375
4352
3390
927
4210
1510
4731
3476
2569
1026
2909
3988
2080
1538
3964
380
3726
1678
1245
3296
2890
4627
3272
969
3291
4159
1385
3532
1072
2238
2576
2186
1199
45
3173
1612
3024
1714
2346
1135
3576
121
4641
4969
653
2833
1328
3058
4877
2622
4845
966
1551
1607
641
1043
3981
1533
1493
2151
1642
481
2484
3265
3421
3377
2451
2339
1810
3449
495
2735
2588
3290
1021
3463
255
4225
105
298
3759
2786
3269
1131
3472
55
1429
209
3998
1039
3418
2169
1916
1487
4001
4656
3408
2060
4630
3104
2998
481
2043
558
4557
3813
4138
4987
1104
2902
3783
4690
2094
294
296
2395
1107
343
4768
629
4317
426
3884
2060
89
1891
1890
2699
598
2422
2054
2001
2207
359
627
66
4176
1321
2751
924
1337
4631
535
1825
209
1742
2101
3597
614
2913
4728
569
881
3107
2384
4050
2647
1294
3519
3245
3313
3572
758
148
2262
627
4016
4279
3193
49
2936
150
3259
1941
4088
3079
3198
1530
4064
180
3481
3764
1343
3583
2178
45
3723
3989
3390
3916
1733
304
2207
4473
3622
891
1310
3253
2975
4667
3809
18
3974
87
3317
2866
3218
744
967
1845
969
2198
4216
984
1033
2076
2812
2678
1213
978
4595
4103
2421
4188
1773
747
454
4396
4341
4958
2361
617
553
4444
1572
4699
197
2769
3706
1595
681
537
2353
1622
719
4219
747
2725
3085
4361
1784
1450
723
3208
3052
2601
1212
3067
1575
4102
1577
1048
3806
1235
1891
3935
4428
4596
3486
905
1268
3358
2940
319
4525
1197
4551
857
4015
813
1747
794
1319
4385
3627
2460
2138
1600
427
3861
2197
3789
3790
145
4826
818
3527
103
802
2212
4408
1777
1796
880
2570
4209
837
1252
134
467
3730
351
3263
2791
2263
1594
77
1009
1470
4141
1970
119
1015
828
1407
102
3073
3346
4658
1863
2772
3526
1805
1904
601
2666
1389
4817
1678
73
3254
4147
1180
4383
3660
1421
3315
494
2013
851
4609
4027
1533
3999
2265
285
574
3307
4782
2516
1286
4580
3473
1735
371
3507
1188
1200
3761
2348
604
4803
4954
3991
498
1235
1440
1034
4518
3098
659
3862
204
2778
4769
3996
3642
380
3269
2290
1235
4107
3956
4528
755
546
2055
3196
384
439
1952
3642
4339
1901
737
2303
760
4879
2181
3406
3810
6
314
965
3802
2831
1629
246
145
307
1052
134
4558
1039
2523
429
1167
1860
4411
2233
1923
1638
1021
2551
1979
1075
2709
1550
3318
4351
4685
745
3395
1058
2550
3677
994
38
2295
3587
2573
2596
1802
4074
1297
2268
4500
330
3609
376
127
1293
2478
4196
2
30
66
2846
2943
2907
2824
4788
65
1689
2851
1110
985
2639
4555
3289
1051
2466
3067
1418
1185
3635
2234
3929
3031
2703
2024
87
1315
649
2539
4593
2412
2145
3218
2597
3361
1332
4982
2993
2952
3887
675
388
1163
497
1522
3281
2484
1482
1048
971
4580
886
3847
2890
1278
2648
3408
522
1732
3501
2525
4404
4440
2645
3859
4438
99
4923
2051
2647
1090
1348
780
387
1936
3503
4242
4220
4393
3502
73
4132
2372
1267
1804
4707
947
1405
1733
3831
1688
4082
3802
3598
2518
4086
69
4503
1488
3417
4059
437
4447
4415
4735
1012
2350
3038
1967
3977
2374
1682
2612
3544
2095
4948
3497
1526
4914
2663
2687
2607
221
2575
1496
2659
1361
2742
3184
4667
731
835
2055
1884
2358
3264
1178
1501
1767
3731
1729
4389
4228
3093
819
1585
907
3502
2736
3395
1614
4695
3061
1397
814
1581
51
2849
3750
199
3165
643
207
1070
4967
1370
1514
2446
3563
2345
1654
3238
2589
4926
1075
3697
1623
4182
581
2321
667
3744
4536
2383
1254
4743
1907
4022
3373
4928
2894
2418
2768
4899
850
3472
3451
3105
2096
2764
424
2546
1306
2070
358
288
564
157
2522
2777
443
1424
1152
3391
625
730
2627
4551
2661
4535
2166
3396
635
3284
3797
2872
2170
540
3215
2259
1082
3301
3554
855
1804
4079
4939
1064
4844
1458
2257
3059
3686
3342
2007
1147
1030
2570
441
4405
2648
1717
496
4186
1042
1070
1657
449
987
1039
275
740
4488
3822
1979
3546
4028
4290
2203
1703
2262
3458
1484
4408
1822
1868
3712
2326
1288
1474
498
2753
999
3288
2371
3562
1393
2816
1695
2950
605
1814
1354
1098
1961
633
4320
2788
4331
1277
1059
338
4562
3012
4087
4528
1650
1438
4879
2570
2704
4545
737
922
1663
1479
3272
4497
374
1952
713
787
4861
330
2454
4755
3290
2434
4841
2675
4375
131
1944
2310
3339
3838
2973
374
1833
3902
2369
4234
2106
1092
2857
792
2133
1063
2073
1581
555
1277
4603
3857
1905
2492
4755
159
1060
2471
4518
4849
4817
4739
4285
4970
551
2441
374
3987
4939
336
3103
2335
4159
1324
2453
4562
4244
64
533
2105
4964
1636
4274
2627
725
2328
2045
375
4694
545
3774
4583
67
3968
4988
3109
200
4669
389
3799
367
500
2305
604
1266
3161
2078
1138
355
2642
4182
385
1005
2462
4655
1036
584
2958
426
2103
3020
530
4379
441
1859
2268
1196
4290
3196
3993
3969
3275
4492
2673
3884
2757
1377
4048
4356
4675
2691
1901
2019
197
3863
2816
2911
4992
1564
3148
1121
2343
986
2593
4882
4362
147
963
2353
3584
425
4329
1091
560
3517
2220
25
1087
2327
4463
147
1637
3735
3290
3548
22
4467
3009
4463
3605
4000
4639
334
4839
808
2472
4037
4008
4813
3133
3310
4531
4592
2653
4511
1293
3737
1082
3026
134
4593
130
4709
3383
2915
4717
2188
2121
3618
330
424
4061
1200
2044
3544
3984
849
4208
4093
1910
997
3022
4546
1576
1951
660
4534
2657
298
3872
3338
2209
4597
3607
4945
4339
370
2937
2203
913
318
1975
3234
2469
83
188
1705
3034
3644
4202
4273
3623
2620
114
1332
4270
1011
930
1577
1845
119
2010
2395
381
523
4165
1835
1131
3526
4366
3033
676
1904
4782
1554
1506
33
1476
3241
4033
1304
201
131
2033
2252
1451
4040
3919
2149
4973
2716
1006
4977
850
4310
21
4294
4926
4652
3458
1513
2177
542
218
1646
3183
2815
4497
4181
3162
4070
2575
317
4679
1676
353
4468
17
2843
4572
2594
4934
2745
4142
550
1254
2318
2088
4627
1574
4660
3092
2218
792
1077
3495
1669
4924
1660
1209
3391
4735
4335
2512
1658
2028
541
2763
912
4426
3762
3751
2156
4560
2063
4989
1122
755
4392
3911
1802
3915
790
483
1835
4574
765
4832
3957
2343
515
4327
4197
4623
784
4821
