236
143
140
131
141
496
486
436
140
309
166
421
84
236
469
449
274
181
234
489
171
129
485
199
420
231
291
267
209
420
41
248
447
167
399
120
71
113
254
387
274
410
18
381
101
363
448
81
289
414
105
152
125
411
407
244
161
151
89
159
38
55
439
415
290
258
401
134
310
370
246
146
312
391
276
193
322
258
329
330
72
72
476
268
413
313
111
444
171
29
173
357
328
246
222
292
87
283
123
11
182
471
129
65
285
2
218
36
159
100
398
443
435
159
286
352
33
414
368
456
159
6
457
121
181
347
456
123
361
88
485
266
37
230
269
405
20
31
99
111
303
312
329
277
69
97
310
330
196
306
228
473
128
362
216
159
15
301
93
161
180
438
449
297
253
78
148
241
446
415
283
359
373
436
414
426
462
436
105
167
443
58
185
465
156
362
113
291
137
3
364
432
30
150
149
88
279
64
444
53
54
401
266
158
405
447
48
439
185
34
377
88
356
13
36
295
173
259
34
382
207
308
8
74
49
461
418
470
216
371
206
351
297
23
321
110
319
130
439
312
87
40
296
421
249
109
131
34
310
472
276
285
235
61
449
32
259
192
432
94
465
33
303
400
170
16
274
341
133
284
159
492
9
443
315
122
55
349
373
176
92
392
448
41
448
183
314
265
353
414
189
43
109
407
179
342
133
156
320
105
13
467
176
76
115
482
236
283
263
250
113
3
226
29
19
124
236
2
160
312
372
162
244
79
194
422
362
254
114
385
3
248
393
344
90
286
3
214
462
356
79
133
79
121
86
150
389
84
135
297
272
445
171
142
449
434
407
71
338
327
25
219
330
227
217
36
243
170
189
200
378
202
117
155
427
488
130
429
398
371
438
407
288
2
11
48
64
231
256
421
369
334
135
130
363
299
252
195
265
404
331
137
409
496
427
79
62
147
17
431
210
175
81
441
1
484
253
325
211
126
398
472
127
500
137
271
89
251
112
260
53
41
322
90
386
359
283
4
300
227
11
47
204
103
375
291
465
219
123
306
326
237
261
80
295
249
61
417
389
303
278
282
285
247
376
287
139
49
15
281
206
183
63
42
40
48
96
104
412
452
194
490
270
72
349
233
358
367
63
203
213
166
409
235
158
49
41
190
71
283