4371
4279
3139
3400
4462
4427
4827
3834
1430
1625
2906
1804
2606
4341
4945
104
1390
1041
3325
4941
2748
1898
1915
4245
3116
4998
3837
3540
1247
4620
2475
279
1888
2208
2522
3149
2126
2873
4645
1941
4146
3334
4140
3613
3278
505
4960
920
614
3906
556
1548
3505
3725
191
4238
1307
730
1987
1198
438
2649
1516
4327
448
3122
1926
2458
4054
301
2900
2237
37
3148
3253
4791
3509
1239
916
1850
1815
2661
1620
893
3306
1932
4957
984
1630
206
2581
1359
1270
4777
1512
3638
407
1648
280
308
698
3249
2253
850
2431
2749
3309
557
1288
1929
4372
991
175
4668
2256
2695
1669
1331
1140
642
2348
2830
3744
2010
3517
3374
2368
2295
2944
3506
2211
3787
1551
4533
2946
1357
3340
3679
2033
3496
1704
3021
3904
2514
1834
3354
3833
995
3473
3407
2686
4225
3791
771
71
4003
2098
108
4056
4984
2478
238
1928
1087
3221
3970
1408
2223
905
4199
2693
3477
452
4384
4358
3068
3934
2314
4425
736
2037
417
1643
287
4710
367
3076
43
2083
4951
529
4216
545
4210
4084
2132
763
4009
4303
4975
4760
157
3813
152
2585
3815
2755
1108
4583
4126
610
1187
967
3211
1269
2539
3209
3908
3437
1656
1851
4063
3498
2716
4741
3817
2171
3266
4005
1785
3549
2430
4207
1143
2780
4876
1231
4128
2621
2116
1278
2829
2408
3163
2819
4846
4096
319
4691
844
4380
1481
4843
2446
4704
2745
4882
4647
4496
4226
4922
2239
3822
4161
2282
664
3157
702
4218
1100
2370
4639
2153
2610
1775
121
4816
4061
3619
2470
633
4366
4591
703
2063
3914
1789
4198
1395
1877
3124
998
4697
510
445
4568
1172
3136
161
4509
641
2972
3433
4961
4321
2104
711
4173
3754
1503
3746
3676
3246
2242
1076
444
907
1922
4297
4253
1702
305
3701
2333
1130
398
3449
459
3242
4457
3947
2845
1872
464
4243
759
1755
2084
4181
3891
1765
3568
3468
4004
1728
4870
3656
4788
1647
1216
4031
1490
4469
1088
679
4504
2605
581
4049
4601
2082
877
318
3982
3380
4050
1363
2420
4463
785
4856
3737
2764
342
4811
2315
516
3060
4367
2343
425
2015
2618
4944
4907
3071
2966
4098
1292
4649
721
2270
1716
2893
3111
3083
3362
3704
3143
4627
800
2439
4335
2462
506
2429
3950
4626
2915
1933
2999
3439
1158
311
4614
2795
4487
151
2154
3115
2927
639
1082
2181
141
4908
1259
4067
4280
4432
3918
818
3983
2654
2393
2210
2546
3560
2289
598
3895
3851
3806
1862
3979
1015
2922
4732
1563
3731
402
2336
2407
488
3614
3913
2617
1894
4237
1167
3831
1902
3823
235
4966
4593
1634
4990
1759
2381
3898
1161
1212
1405
1805
941
4852
2383
4663
4468
1417
3657
2149
3763
1844
1497
4754
3778
3564
314
4488
1362
904
1174
3067
1298
2628
4103
1131
2735
897
4650
1699
3233
4102
1501
3135
4622
4564
27
4069
4762
2832
3096
2797
1230
4763
4037
3770
1152
1540
3050
3597
4014
1424
3087
959
3035
1361
184
20
82
4774
517
1197
3075
2229
3965
3697
848
1797
1381
1482
3503
4438
1380
4595
2890
489
4690
2810
1122
3501
3051
3121
3798
1452
4779
225
3582
2651
3464
4769
3907
3482
3381
307
288
3440
1679
3555
2648
3629
3252
1599
4329
390
1035
1451
1146
2035
2020
835
199
1208
2734
714
4220
3175
1344
2382
3104
3397
2340
895
476
1302
1560
593
778
3974
3215
2954
3532
4112
2785
69
3326
1682
1354
933
2924
4714
1579
4903
76
953
432
1783
1870
638
3488
3535
3040
163
636
1330
520
539
1827
1876
3962
4795
1194
3117
14
4074
3595
3829
2272
3341
3190
3940
3928
1118
335
4646
1455
1531
3420
1305
292
387
3776
1590
2228
229
3761
668
2312
1906
2093
4402
3670
204
1319
947
4718
2432
4354
1713
55
2240
3838
18
1238
1519
903
949
1666
3709
1801
85
1654
92
3089
4464
4976
67
4355
631
2544
3434
4068
4298
4057
637
3753
78
232
479
1869
1665
1616
1438
596
284
2509
1321
503
2198
1064
3445
4385
3691
2409
999
1479
773
2665
3284
4575
4722
1997
3724
2288
3151
957
358
3450
306
77
343
4681
1219
3559
4108
3088
2182
4403
4215
3689
282
1549
2384
389
4158
1605
4689
892
2231
3601
3811
1904
4176
4901
4370
4258
513
1766
2662
2284
2102
3086
2185
3494
780
3869
3845
25
996
1506
3005
3552
3369
3775
1782
1507
2917
230
2169
4171
601
4819
3332
3438
4507
779
2666
2395
4875
4817
3098
4267
4698
720
1180
3459
4597
4213
1655
1567
536
2440
411
3485
2064
2687
248
604
786
841
4696
3900
2274
4658
4305
499
3708
2067
860
4145
4970
313
1845
3626
2775
899
2494
4480
2220
845
2103
139
1794
3128
1195
4436
3418
4771
2975
3388
2809
3662
1202
2701
4872
28
5
2018
3726
708
4787
2376
1972
2156
2591
4295
3339
2303
1418
3254
4519
128
952
3630
3142
3874
4038
4374
1023
656
4059
1029
3760
4296
4553
1721
3637
3783
1445
1846
2555
3260
2167
131
446
3990
4282
3627
2335
123
3376
1632
1976
1379
732
769
4106
3952
65
1646
3719
3204
16
2299
648
2994
4151
3680
3166
100
3390
3261
2602
1500
1051
4815
2646
2711
1340
4720
3127
4892
4189
1279
4535
4617
1968
1986
4460
3216
4308
2441
3029
728
1203
782
2007
4088
4172
1022
2300
1653
3513
2373
245
750
1633
1798
2090
3022
3764
3238
246
1459
2236
2835
820
1569
159
2953
3896
1427
770
1309
1436
1613
1890
3486
2925
2142
3399
2882
3226
51
3685
2297
2990
3173
2168
1437
295
1918
3419
4336
2450
1509
1809
4666
1735
2739
2483
2158
723
926
4141
423
1242
4262
1038
2159
4418
880
1085
564
4333
224
2473
165
4551
2663
583
3263
2141
799
4448
214
4109
4948
867
4844
3493
4034
1891
133
921
2536
3018
185
3144
2965
2556
812
241
2105
222
2193
4942
882
4854
683
140
3229
2612
4765
2011
4185
1032
4813
2584
2066
1112
3515
186
201
3181
4121
4048
705
2252
1092
674
3319
2553
259
1382
4508
413
174
3469
1123
890
1492
3980
611
270
145
2964
4871
3361
346
3016
2014
3569
2757
1561
3078
2907
3661
1960
3394
4545
4506
4665
937
2586
2803
4349
4483
4693
4758
1464
4301
3852
1224
4422
3702
4735
1681
4490
1225
1372
2183
3234
3617
2186
4363
2817
1485
4576
4611
1478
4093
808
1276
1550
134
3412
4324
3865
896
738
3529
4159
2827
3225
4905
1121
2128
2523
2818
2760
3889
66
4407
3082
1460
4070
4716
2145
1392
3971
2926
2603
1164
4471
150
4956
1411
114
3478
1879
2627
1144
1587
1640
2822
3481
4825
3800
50
696
992
310
4669
3019
2287
4424
678
4707
4401
3714
3768
1667
3531
4188
950
4753
1070
1683
1913
3358
3011
3992
4440
3536
3487
1433
1725
2920
2465
2815
4797
1229
1260
1900
2486
1586
3351
3732
3944
3413
155
1192
3244
2781
1178
3642
3382
2614
3558
3530
286
271
2428
1450
809
1057
1406
753
3015
363
879
979
3346
1784
2743
3812
3537
3948
3967
2113
3113
2962
3777
3147
3771
709
2192
2689
3911
2023
1576
574
4648
2292
4152
1731
405
3839
4339
2323
2076
4964
3106
2630
3580
24
3299
4748
4539
192
2971
504
4585
4144
3074
4265
2690
2943
1077
456
369
2205
4481
1210
36
4855
3451
2559
4206
374
640
1525
1488
4526
4456
2968
3274
2727
1339
4040
1341
2019
3169
672
3280
1880
1471
4410
605
276
3767
994
3927
1592
690
2306
2804
1524
1629
1618
1044
1687
2848
4105
2341
52
834
861
2277
4052
3758
300
2613
836
4746
3523
1889
3444
223
2566
2435
1498
3821
3937
1772
1565
243
2660
1223
88
667
2643
3203
2568
4417
3345
4263
1757
4734
2280
1882
4120
2519
2774
2085
2510
2131
4738
2728
117
3810
4231
3917
2802
1169
1138
653
4775
833
3427
951
3521
2847
971
1299
2495
22
2163
519
1215
1920
4319
3404
500
4531
4679
2344
2058
1899
1820
724
751
2967
4745
2238
2805
807
3842
4095
1014
347
3693
334
1338
777
661
1671
3409
3516
297
1710
4532
3814
1266
1133
227
4347
1322
458
1769
1343
268
2700
4767
3281
4100
3099
4046
1255
4142
178
3024
1365
4757
3195
533
1832
2914
673
1263
2166
4269
2823
2855
3006
3020
4017
4569
3512
3644
2931
4913
3504
359
2438
4311
911
4635
1539
169
1796
3081
2769
1342
2472
3038
1958
2030
2006
1811
2397
2932
699
1153
4606
2022
3864
3146
1938
4246
277
2770
4999
671
320
577
2928
2930
3602
1491
2355
1719
4368
3941
404
716
1126
1295
1376
4937
2479
4809
41
2569
2677
4845
2319
1857
2886
113
4498
3042
252
187
2262
1896
3960
3759
4724
3710
3079
2095
2911
1937
4838
4864
622
1860
4300
3045
2347
3297
2877
19
3677
650
1537
3182
2865
4588
526
3723
2405
3695
3119
35
4764
1822
3342
3259
4974
2913
101
752
2180
3859
768
974
3436
1249
537
936
1776
3033
362
2653
249
975
4233
3915
2136
329
748
2824
962
3310
4249
4982
4560
3912
1964
666
1117
1027
3678
4130
2598
3551
1924
2564
4475
111
2642
4275
4224
2766
4667
4208
1916
3431
3386
2044
606
1369
3103
336
3886
3294
361
2681
3118
3270
4705
79
3892
4091
2794
3417
357
1628
73
4674
2426
2434
2859
791
4478
2155
3966
775
3258
3141
4113
2378
1554
2881
997
4800
1191
4458
3779
3618
2110
973
2199
1228
4174
514
4445
1157
208
3876
45
2137
250
2304
4600
1209
1945
3923
3903
625
1975
3288
4229
3772
1707
4784
1917
2204
4357
4053
1685
2360
3132
3655
2269
2977
4239
3666
4047
3781
354
1096
1893
351
4731
4715
2501
211
4391
1183
1677
1124
4895
2811
2607
1817
2200
4624
2026
2948
1069
1545
124
4166
4926
2839
2678
1291
4673
3766
1434
2713
1875
3001
1568
2615
168
4835
2753
1585
3349
2225
1698
3120
1684
4989
4642
1280
1090
4352
1099
1502
734
1306
4087
843
435
4104
4155
4934
1396
4160
2631
2178
4179
1637
34
2375
2086
1003
3317
1386
1831
4474
4033
2057
3820
4086
372
4853
1384
293
2278
4916
986
3177
2722
3658
3625
1562
1538
2164
3305
2632
1182
4812
1442
512
889
4390
2985
172
990
2191
2000
2978
4723
2316
2081
772
1220
4350
1397
2578
3492
2998
2831
839
2065
3855
4703
4657
2298
1413
3497
2738
1627
2933
3385
3518
242
4803
4365
4749
3786
1578
461
2969
3883
4596
403
4889
3932
4511
4684
4382
961
906
2704
4044
2840
3356
3690
3745
566
4244
2004
2692
4167
3600
1631
2177
524
2813
4416
4373
4081
2867
426
1366
2073
3799
436
1356
1739
2263
240
3337
3320
3273
13
1921
2351
2184
3085
1903
2733
2984
4413
2396
3448
599
744
2703
1002
4248
143
1400
1878
2144
453
1179
2841
1946
1148
3025
221
1494
1066
946
4124
4814
1723
3700
4759
3929
406
2508
2127
4484
4807
1375
3762
3052
972
3333
467
2125
3429
2152
443
1912
2639
2029
3519
989
2682
4375
3161
4273
4618
1128
3999
4781
2862
4671
1622
2197
827
1423
4517
4254
749
3792
570
2009
693
1013
1838
440
3664
3692
2905
2041
4285
2188
2655
3720
1596
2273
1591
4454
118
1868
3897
3056
3061
1246
272
2806
2945
3322
1954
704
3389
585
2247
1000
1217
1050
617
2852
3857
900
179
855
2534
3416
4549
3214
129
1866
1733
691
4042
4744
597
103
4670
2825
2641
2558
3749
3314
2959
3062
3255
3803
1062
2266
4728
2842
663
3522
4383
4143
3411
2549
1467
756
934
1135
3953
181
838
1577
3547
4036
817
4348
4563
874
3652
2923
3645
508
509
170
1574
1189
3366
1141
1248
302
676
4993
156
4887
219
727
4680
2759
2433
4573
1609
737
2530
1282
3752
294
1025
4607
2212
126
2706
3189
4891
894
2792
4073
1160
2120
607
2901
1996
3528
2779
3603
4288
4677
1371
4874
2773
3133
1049
173
1990
3206
4486
285
3272
1621
352
932
3954
2679
3241
2189
603
4323
234
2261
3847
3557
3058
388
64
1105
3909
2068
3849
4581
4307
1422
1865
2520
1272
528
1333
471
1226
2398
4043
2215
960
267
3324
2069
1185
4858
2283
2897
4240
4118
1558
2652
3338
1994
746
3882
4236
3421
2160
4247
3688
1601
1412
1456
1752
1447
2339
3793
3460
3705
2114
3877
3093
1530
1606
4011
3769
4428
1881
1119
2597
4219
253
4024
1201
4099
2447
203
3733
3130
1470
590
966
3976
1240
4550
943
1398
4709
4090
72
2100
1826
4836
4962
3017
2325
1660
2322
1425
4894
1828
3039
4398
522
675
864
1722
1139
4949
2079
2176
263
1060
2601
1823
4662
1528
761
3784
1058
4437
3961
236
63
743
550
3931
3675
180
4634
1253
4859
414
3991
1738
1256
3461
4147
3383
1097
1444
4780
3065
1732
4342
4493
2301
1504
2047
2031
3711
2258
677
766
166
3860
4423
1030
4909
3606
3593
2489
4169
2763
1611
1800
1364
269
2939
798
1840
1439
1505
873
1706
2732
4977
2941
1186
1555
4952
3541
3804
383
4580
2442
2647
312
331
1842
591
1651
2659
2157
981
2756
330
2002
1971
2531
4360
4209
1403
4211
2680
1370
1373
3402
754
884
49
2259
572
886
2656
2187
2542
3566
1773
1114
3785
2075
4149
555
2864
244
1791
1310
2202
685
2752
2357
1985
2667
1670
2573
368
682
2366
2798
3268
1799
4369
1355
1678
2875
4489
3607
74
4421
4950
2645
3290
1145
1093
419
3868
1324
2625
1977
4996
2311
2535
1969
3987
4078
2983
3092
4661
3832
1204
1543
283
83
3901
4500
4929
649
149
849
634
2001
360
4821
3639
3090
958
2293
1104
2354
2038
3583
1751
2291
4995
4110
3748
615
2772
4644
4302
909
394
4917
1358
3963
3579
1836
1886
382
4148
2540
11
813
2417
4832
765
540
4001
3935
4131
4318
3739
2571
2950
1859
1703
4200
3782
1487
3789
4536
2952
1542
62
1440
790
1793
587
2334
4492
3801
3162
826
3064
4772
3828
3573
1983
956
2796
4523
98
200
410
2027
2165
2499
541
1701
447
2658
1318
4326
1521
681
621
3651
4450
3158
484
2279
645
4023
816
2224
2565
870
684
538
1446
1391
2463
1988
1336
142
455
2623
1940
4544
1770
4537
3713
2715
3205
1402
2255
1296
2543
2464
2719
851
4092
3239
375
4451
1265
831
1449
48
4449
4865
4733
4694
3200
4590
561
4320
3875
422
137
3884
4688
4900
3936
810
4062
2399
4472
2902
2377
3598
2059
1048
4808
2843
4137
3881
1963
3722
4955
4261
4268
3446
502
1774
1847
2637
3514
3335
3594
2537
3359
408
4869
1004
4397
2604
1113
3667
2562
5000
4822
1818
977
2668
4599
2492
4946
4556
3491
624
2691
81
2676
1680
4577
589
2271
2196
3360
3592
4322
652
1795
869
3956
3577
3615
2129
1843
1657
2981
460
4768
4212
1211
4241
4204
2512
430
2761
4299
3251
2594
1593
4906
2296
4433
298
2878
2246
1849
3925
1998
2369
2721
46
4101
1830
2937
3975
2705
2898
4848
1156
3348
3996
1541
4495
2744
1416
1303
3300
3405
4566
478
3327
401
1409
2012
2148
4653
3836
739
747
1931
2768
4743
1252
393
4652
3621
917
1951
1352
2309
4447
644
262
4022
2518
3757
2871
1597
1107
396
1897
2683
1162
289
1499
4191
4862
1127
3336
1510
4196
1441
4294
1462
3302
2209
2078
1
275
2885
4139
1711
4619
3323
1448
4111
3548
4393
868
365
3534
296
397
1147
4030
348
1387
3171
4115
3717
4434
3279
2101
4584
1005
1054
4886
1084
198
449
3978
4465
1207
3660
4559
1603
1304
2150
4921
1026
2372
2021
3318
17
2389
472
1863
643
494
627
618
3363
2503
2387
1008
2118
4165
2003
2488
4721
781
1102
3774
944
4919
3145
3213
1982
2513
3207
4682
95
202
3264
695
3628
3296
2146
4702
3958
3981
872
2903
1111
1610
4075
3631
578
3269
474
659
717
4002
758
923
1936
4878
2052
803
4332
4164
2331
3
719
4442
2807
3879
2936
4660
316
3589
2776
1326
616
136
3293
4168
3610
1271
1378
6
4000
2406
4455
686
4911
2174
4255
700
3172
3510
4629
3283
2254
4987
4706
59
3352
1533
3321
3902
3137
760
3184
3401
317
2053
4866
3350
3212
2593
1053
3105
470
4713
247
1887
2088
4918
2726
2092
3313
90
2476
80
4035
4985
4289
1736
3835
3384
3993
1429
4136
3939
2140
1867
3034
1691
2481
3193
3387
2934
3848
4541
4534
2265
620
1517
2961
4491
2737
4786
4558
1835
378
3026
4752
2861
1234
4672
4331
4392
3591
4387
2330
2929
1284
3201
226
218
523
576
1168
1740
338
2524
2380
107
215
4283
1883
3108
4396
3150
3585
4737
4542
2318
1544
544
1718
1661
908
3946
852
3796
9
8
4654
1474
4789
3698
1163
3353
1166
741
4235
549
871
1744
4510
4739
4277
4793
228
1040
3554
609
1250
856
1786
3830
3030
4359
2880
4986
1328
725
2657
2364
623
4032
2887
4291
3556
3289
2921
1802
1808
1965
1930
4994
4851
237
1134
3985
3393
3546
2694
266
1955
2233
4286
2828
3308
1557
2413
2515
1884
562
3840
468
321
4016
2493
913
1768
740
2054
3826
193
4708
612
1116
805
4386
315
687
3257
568
3220
4801
4940
4306
2800
4242
3179
2134
4337
2353
1556
632
1641
4943
261
3472
4831
195
3921
3844
3508
1273
4388
4157
3890
1079
2201
213
4936
2329
4880
2674
2960
2576
3866
4123
1978
3742
273
3682
3073
2367
3640
2345
4276
4687
429
2421
337
1925
3649
2506
3609
2851
2469
3795
4912
3250
1016
162
2317
3123
3080
689
3097
2673
1453
4928
4394
2139
97
4796
2702
4408
2032
2912
938
3525
4641
1233
2342
2684
1853
534
1737
3415
1676
4711
258
93
1332
176
2717
4514
4726
1952
21
2863
3633
2957
970
2480
278
3959
3672
1080
2788
3681
3153
1037
1285
4861
1463
3780
89
3616
4006
1864
3872
4404
919
928
3047
2750
4502
441
4893
3706
4076
1476
3687
1052
4515
2115
2412
1496
1690
1734
2947
364
1410
3174
1999
4589
2107
3167
2895
2230
2786
1432
487
3612
2415
4572
548
3070
4230
3069
3653
1582
802
3565
4378
4466
4340
2222
1009
3997
3243
647
1469
1914
846
3951
177
588
1664
3467
3028
3624
3955
4412
4930
2624
902
3561
819
1573
122
4615
532
840
4938
416
4837
197
1046
1236
553
1073
565
3862
3550
1700
38
3292
793
3995
1312
110
1695
418
3533
4931
1010
3410
194
3824
4924
2724
4066
3032
2410
1136
1110
1327
475
1142
1861
2444
2874
4540
1227
2996
3683
963
3605
4315
2991
1907
4264
3240
42
4377
2600
2214
1311
1515
3773
4972
2826
660
4879
3729
3435
4736
4186
4842
4430
3347
3014
130
2980
167
2062
1407
3344
3223
2060
828
70
927
2511
4565
1583
4806
99
629
3180
1019
3863
1132
4205
2449
4293
4770
2436
4790
1607
925
1472
1957
878
4435
1939
2096
164
4637
3247
862
1151
592
4116
712
439
2327
4570
3395
4453
3312
4766
2013
466
53
2425
2359
379
3919
2308
2281
4252
1314
1458
787
2577
3375
171
883
2460
1908
784
1833
3871
1580
32
4602
1873
1061
2087
1170
2710
2572
3474
669
1294
3712
188
3636
4525
4983
2698
910
2320
3002
2070
863
3007
3196
3647
2836
2918
1388
2024
2670
2505
3905
158
3471
3641
4643
2548
75
2245
4029
386
1659
3210
3825
3538
210
1235
983
26
1911
2422
811
4027
3378
1190
290
4183
3287
3570
594
3199
1486
4701
552
4356
854
4965
1756
2097
1267
2346
4776
1600
1045
1705
274
3526
2337
2121
4841
613
3095
400
391
3750
1489
1623
1959
755
3973
2685
4221
3984
692
4592
1943
789
2879
4833
4991
4802
2403
1858
4085
4969
3367
1534
2504
2135
3328
1720
1967
120
4107
4135
356
1401
4012
3191
4824
1335
706
2916
1535
1942
1829
3315
3802
832
942
4025
2746
2445
2725
1598
1137
4316
3527
1639
3100
1468
4725
4692
1420
2349
1871
1717
217
3648
3622
3466
1995
1346
1663
4805
3671
2997
1675
1377
3686
1414
309
4281
3511
4132
4270
2173
4953
1807
4153
4362
4527
3330
2595
454
4785
1222
4939
3632
1033
4574
4314
4446
2049
30
4008
4497
4604
4971
2365
3502
710
1624
1404
1518
1824
3194
965
1645
4530
3998
3458
2784
1176
4271
4170
1812
4344
1989
898
3430
993
4579
490
421
2833
2241
1575
1961
4557
2051
3102
2616
2206
2326
409
4177
4798
2485
2973
4636
551
485
4345
554
1905
1348
1754
1074
4935
2117
4028
3500
1007
3295
3684
1553
2170
3371
1055
3301
1514
4150
1394
3316
2672
1753
3581
4317
1477
1177
4134
4839
527
1741
2521
4479
2570
745
1159
4883
4915
4007
3185
1841
511
3165
4761
4055
3208
2490
1588
4415
2040
4543
4439
3819
2388
2608
4516
2414
2451
4266
3524
1950
4773
1428
332
3480
4981
4272
3957
915
4505
1837
3878
1257
2111
3248
2876
4330
4914
463
1810
4651
3391
2172
1325
3126
4082
626
3623
3010
3066
326
2459
492
680
4065
3571
1814
1383
144
2982
806
3942
4202
4503
1803
1697
3236
2386
825
4441
701
3949
1981
91
1360
1120
4251
1552
2955
1020
3920
1213
2423
3465
2385
3788
2133
1435
729
2919
4420
2363
804
1816
1200
3635
2894
1589
3634
4406
2949
4554
1619
1155
3265
4426
830
3843
3084
2028
912
4501
3544
2017
2640
4810
2123
2633
1727
530
1094
4485
4443
3422
2290
3841
3277
303
823
84
2771
2940
3396
2109
3441
1614
2707
2723
4309
256
4598
4898
3379
3453
4659
3424
3888
1762
4338
635
3933
2427
3969
4988
4477
3489
281
44
2424
384
1283
2226
697
1729
1243
4529
1011
1329
2234
427
3721
3224
4520
2516
4180
1532
125
887
56
1781
1642
4548
726
4162
3456
2456
4039
1523
4932
4847
1091
1419
3109
2390
2050
4259
3432
3699
105
4742
1345
2251
3398
4013
4
3452
4473
1792
1095
2709
794
4250
4823
2596
3368
469
1790
4494
4459
3187
3665
1658
1970
4555
4954
1017
1730
547
985
1572
3986
546
2664
1980
2938
1056
3873
4060
483
1393
1415
1083
4685
2765
424
3235
2782
2801
3183
670
2243
4395
304
109
1454
688
4910
2122
4513
3499
3222
4414
4804
501
662
3129
2846
1693
2567
1993
1626
2866
4676
1949
2718
2467
4727
2071
797
4072
560
2218
2976
29
584
515
2036
1475
2175
2161
2588
4571
1258
3282
4138
4552
1006
496
4973
3425
2636
366
2883
4756
340
3943
3406
2899
2042
68
4664
4616
3587
2808
4470
1289
437
1317
2203
2025
2391
433
495
4979
4609
842
4927
3809
1559
1934
1268
3887
940
106
2582
4381
931
3138
3542
60
2619
2468
4628
3152
3447
2257
4518
4313
824
61
796
4881
2837
2130
2392
3575
4304
2992
2820
3470
4284
1966
1910
829
1779
945
3027
3885
559
4312
735
3463
1261
4897
4978
132
54
2529
1636
1612
2043
2374
1024
579
4958
2138
4051
4376
2557
2404
1431
380
486
1564
1536
3230
1300
127
2471
344
4278
1173
2213
1764
2622
1199
628
788
1034
2708
1825
4621
2838
2324
4747
924
2747
1724
1771
327
1089
147
31
3507
1323
4071
1780
2046
3659
3276
3853
1885
3426
4409
2457
3160
160
1935
2419
4904
4610
3245
535
1125
1075
1098
146
2307
94
600
2507
630
4587
1948
2048
4826
4274
3442
2956
480
1465
1746
4750
4959
3227
2400
3736
4041
3063
148
2008
964
2418
1316
881
2091
4482
3046
1778
4184
4201
1293
1334
3563
3443
4020
1205
939
3009
1275
112
2496
569
3728
2561
3730
2789
4045
2554
341
1652
521
3365
1692
2119
3377
767
183
4947
4192
4223
1286
1218
3414
3608
586
2816
655
3159
1854
3125
2688
1895
339
2889
3495
4187
4018
2195
2502
2787
821
3479
1399
4429
1483
2767
377
4195
349
2720
3562
3977
2942
1855
2482
3217
2055
442
4089
4129
4292
1254
1349
3715
265
1787
153
2731
4353
1604
2179
4346
1608
2884
3926
3057
251
3584
4197
4419
2590
2644
2777
1839
482
2402
216
1689
323
2849
4873
858
205
4547
4640
2528
1694
3747
3807
742
968
3285
4133
395
255
1668
4963
3994
1350
209
4528
3599
1245
4079
657
3373
2080
582
4117
518
2477
2498
4379
665
2821
1031
1522
1856
580
1150
10
4351
1067
4751
4594
392
3197
4849
4178
3893
654
2995
2525
3331
1171
3734
3910
3198
1086
2005
573
2650
4182
1919
2286
3202
220
1650
1484
1188
2526
3988
3650
1974
4561
2699
4077
1480
4287
2099
507
3372
1581
2207
857
4863
1214
969
4010
3794
102
1461
4778
196
4431
2094
3604
3101
350
4888
3462
3818
3043
4967
264
2891
2361
4740
1595
1154
2712
3861
4080
1047
2294
4400
2249
602
257
2754
3364
4290
3520
1644
2551
1962
2844
1443
1473
3596
1374
3696
2497
888
3303
4193
4334
1237
4217
2993
376
3286
1956
2371
1206
2268
462
2611
4194
865
3490
3228
1714
1493
4019
2500
2778
2356
542
2338
4190
3155
4476
7
3716
4695
3428
1696
3037
2869
3588
2533
1036
1761
4885
1508
39
4227
3304
399
1028
1758
1973
3457
651
373
2714
3738
1232
1193
2963
3036
2217
4717
1662
3023
1081
1715
2814
1874
189
2909
1385
33
1638
731
4094
2
2532
1649
2575
4603
930
4867
1039
3455
3924
2162
2313
1892
3854
3188
233
792
3291
2453
381
119
2411
1821
1337
3219
2244
1290
4612
918
1909
3262
876
2742
3620
1129
4923
2250
4214
1686
182
23
4925
575
3091
345
207
299
646
4857
1992
3669
3545
525
328
2219
764
3054
694
4700
567
4818
3271
4755
2970
1570
2448
3590
190
3856
929
1852
3484
2587
1749
3049
3403
776
4868
2589
4015
3343
814
2892
4675
2896
2538
4567
2696
1109
4175
1546
1777
1389
47
4877
1747
2443
371
718
4792
4997
4097
2854
2791
1584
1287
3827
3012
4310
4840
2151
2988
3899
978
3576
3930
2987
1547
3735
3694
2634
3578
212
2124
385
4234
2452
595
4586
3154
987
3476
922
1848
3743
935
1068
4521
3370
1672
2461
4625
1763
3707
4156
4850
115
2986
1274
733
4890
1101
4154
859
2358
4899
4884
4546
4605
4933
4026
135
853
3805
428
231
4686
4631
3989
2248
1065
1175
543
3740
4633
1106
2580
2868
4461
2321
1901
2629
2143
2812
3643
1308
3298
1673
3059
988
1745
722
815
795
4203
3586
2034
2106
1742
1944
875
4257
457
3790
3114
3574
1520
2275
4623
2857
2077
353
3072
325
4127
3858
1726
58
2758
801
3765
1743
3000
1018
3178
4699
57
4522
3654
4452
837
1196
2260
1709
2379
86
2853
3867
4125
4582
2799
1251
3938
1529
3922
608
2437
116
1457
3140
558
2671
4122
3311
715
3112
2858
2675
4678
4562
954
1947
2635
2039
4228
3668
955
571
4232
2547
2545
4992
563
3755
4405
2487
1526
3718
3168
2416
3176
4896
3572
3013
4632
2697
1351
3741
2276
3880
3968
3808
3237
2834
1712
2560
2190
2541
239
4830
1953
2350
1819
2583
891
15
3850
2491
2394
3703
451
2235
2730
3816
2790
4114
2736
914
96
1353
1594
40
3646
4364
2074
254
4613
2194
1078
3870
3539
4920
4411
1347
658
3008
4860
4820
1149
450
982
2285
2870
3003
2328
822
4783
87
4021
2872
3553
4499
1511
333
619
3044
4683
260
4799
2751
4719
3611
481
1566
3964
4163
1421
1297
1181
4328
4608
1368
4980
2626
4389
2302
2264
3256
1466
2466
1635
707
3475
2056
3131
2550
2888
3192
866
434
1043
1788
2620
1059
1674
1708
2856
12
1367
2112
3756
4083
3945
2552
3232
2958
491
4656
3170
3916
3218
2563
1313
1748
1527
2401
2579
3846
2762
1281
1072
3134
415
1063
4325
3543
4467
4729
3727
3329
3567
420
2740
4058
1750
3275
3408
1262
138
1615
2147
4829
762
465
2517
2484
2638
2904
3307
2089
2267
1426
948
498
2310
2574
4512
3107
2669
885
1927
1001
2108
3972
477
3048
1602
4538
2216
4256
1021
1184
4638
4655
4119
3156
3094
713
783
3673
370
1495
4782
1979
4794
2072
1984
412
4968
2908
3663
3031
2910
901
2227
3077
3454
4828
4399
2860
2741
3751
1244
980
2232
3797
4444
4361
3041
4578
473
1760
3355
1571
355
3053
2221
2979
3483
2061
2305
2362
2974
1115
3392
2332
1012
2045
1042
3055
1806
757
3186
3674
4064
2527
2850
1241
1277
2783
2352
324
1315
4712
3894
1513
3231
1165
1688
3267
1301
2793
154
1617
976
4260
3004
1767
2592
291
3423
2609
1103
1071
1264
531
2989
1221
2016
2454
4343
3110
322
431
4630
774
4222
493
2455
4902
1923
1320
847
2474
2951
2599
1813
2935
1991
2729
4524
4834
4730
3164
497
3357