3367
2189
8893
9591
3538
5565
7459
4123
5084
366
8487
5447
200
6314
7081
7912
3111
260
7625
2288
7828
4696
7644
8881
7266
1356
1093
8786
7581
4018
9620
1781
2138
2459
8984
6507
7913
7995
8230
7354
7406
8950
6586
1144
5394
5289
4114
4918
4880
4564
7213
6152
4524
6860
9015
1722
4578
8202
6367
8091
2111
2784
6922
8854
5249
9116
4051
8387
3234
2053
6034
9121
9951
6274
446
1515
8471
8012
5275
2932
1468
6942
4150
9322
1683
3666
3956
8315
7599
1806
8167
3359
1570
2610
8244
1113
2049
4825
2074
9827
8989
5077
9260
7951
5136
7877
6056
2912
5142
8604
6572
6003
4037
1958
1511
8856
763
3631
4632
4162
5943
7062
6563
2137
8130
218
8531
8753
1943
3942
3288
5193
9895
7861
2959
6057
5048
1405
8058
5607
632
8063
2076
5532
187
1663
5976
6340
7095
8967
9320
7646
9905
706
1310
4299
6570
7240
5916
6699
4822
364
8526
3962
6803
2665
3632
6126
2760
9917
6620
4855
8216
2195
6145
6557
6770
5222
383
4387
2999
7598
7285
6918
3138
8113
4350
1768
8272
3455
1017
2461
2428
676
6722
8939
9824
8320
9912
7363
6667
7228
7312
5
5889
2077
8644
6656
5190
2419
9451
6588
734
6257
1883
8908
2075
9148
3176
8368
4067
9444
7840
9132
2504
2389
766
5463
3541
3356
7184
3694
2815
4474
1407
7394
4358
1338
3871
2749
1323
6910
7841
9940
4879
3562
7395
6823
1790
1423
1019
5081
6843
7757
7846
2733
6272
2498
4517
6384
3630
5001
7060
3536
7768
9945
6809
5908
3667
1243
2906
5227
6885
5068
8802
4282
613
4448
6209
3906
4323
9580
5896
9892
350
1918
1401
5500
9806
7884
7404
2544
5831
3349
9420
7167
5638
6573
7301
3759
3851
1623
2788
5864
5627
4456
9001
9624
8770
7291
1562
8381
8690
4631
2908
2386
1472
8057
7589
394
7994
6194
8914
3974
9474
4797
5330
1399
7134
4080
5396
3685
4704
2870
4940
2763
2012
929
558
6266
6469
1138
9925
5351
9953
8211
8878
6651
3946
620
1653
7654
1737
7629
4504
5221
819
1754
5410
1546
2833
8605
8824
4582
9804
2070
9037
9087
5029
7447
2440
5387
6014
2182
3245
9729
798
6982
3422
8782
804
8418
5541
5574
8957
2451
365
6517
6830
6236
3329
2635
6176
1293
4778
5739
9648
3495
2979
2201
688
988
208
2179
9610
6607
8645
7246
4090
6661
3491
9403
5652
6578
1607
4250
2268
6751
6532
4101
3890
5343
2895
858
6591
2108
6311
3165
6816
5879
2572
5422
2566
356
633
12
7908
5518
4815
5871
4639
9189
6999
3563
1981
4780
8396
5415
9661
2919
7688
3801
5403
3840
9163
1299
2515
9432
9836
7135
8040
5796
4597
1650
234
8199
9332
2035
2047
1210
2925
4586
9634
8297
7875
4003
9768
2203
3255
6920
7044
3565
3483
1213
5417
4394
8077
372
813
7945
4408
7524
5311
1329
3553
5575
2799
3770
7719
4846
1840
8721
526
7880
4947
3272
650
2887
1348
484
5061
8338
8891
6760
6101
6983
9683
9567
3639
8839
2593
3458
1142
8692
103
7086
6293
6617
1287
8698
823
3319
545
3606
3798
8999
9188
47
9296
3695
1516
3166
2898
9226
9684
4485
8936
2646
7886
159
5342
8060
6421
337
3124
6418
6892
8114
5832
8231
8717
8838
9205
4687
5499
2167
1029
6276
7569
9793
2319
7206
6396
2318
3278
3952
5620
2247
2243
3391
9097
3006
2577
6652
4840
2041
1117
3091
3024
3426
4403
7293
9599
4611
3908
8862
2735
6813
2210
1913
5425
8864
994
1935
1792
9568
555
4259
4674
3807
9666
3690
6373
5862
20
4982
6345
8904
7169
9390
5147
9982
5674
645
2828
5892
7721
7604
580
837
8103
4482
5498
6007
4031
2806
9184
2185
1070
3883
3945
5011
2227
8969
9789
35
9826
3352
3042
3136
7503
4542
2222
7427
7930
6187
139
9967
1494
7258
4206
8222
4300
6162
4202
3411
5170
7083
5508
4221
1162
1308
1402
4124
3700
8279
1064
6244
7931
7111
8043
1574
504
8917
452
5286
180
7737
8021
3517
2546
9231
2128
2191
4329
3982
3254
2848
1979
8805
7327
2022
955
9107
5968
6104
6254
6817
1560
4528
1463
5479
2079
4194
2491
1758
1428
9345
5270
1509
9665
5949
1980
1742
5906
8296
8652
5380
3636
987
4198
2628
1285
3909
8055
2958
1518
594
3809
2838
2378
6534
8518
30
4861
5120
4231
4036
1931
8944
248
4083
6683
5378
9551
3796
4624
9563
6135
7762
6142
4976
7725
6179
5314
1747
1192
718
9977
3524
2326
7245
4543
639
4120
7628
4871
8599
9023
1219
3436
923
420
7648
4455
9218
1761
8961
74
6069
1057
3554
1410
8140
4149
8923
775
5891
4493
2366
1459
4859
4581
1863
235
4252
9915
9419
4220
69
8271
9194
2369
3732
2952
7056
7426
8734
7166
5608
7727
4922
3933
5260
3995
4873
6564
2754
5213
5520
2663
8074
3311
375
9732
9172
4494
5666
2160
3155
3209
8212
6204
5161
1253
3478
5761
2990
3492
6533
5478
3065
1645
7181
4154
9314
697
4272
4241
8928
5737
7470
7523
6223
8501
5108
150
2645
4071
4741
1493
8448
540
4910
517
1290
9164
4677
9139
6518
6167
7170
7791
8855
3673
3971
2768
5516
2363
6377
476
877
5580
5482
6845
1490
2882
8
6900
9119
5925
2391
7013
7012
137
8243
2968
553
5291
8860
5982
815
3056
7140
4027
9435
4989
3571
5329
3863
359
7932
7331
1010
9593
3758
8391
9525
1628
9346
9192
696
4174
6341
9723
2301
282
508
5191
7855
7412
838
7633
7099
1316
7398
9955
3525
8712
4874
8834
4522
5588
2286
8677
2954
6789
4046
2358
4338
1105
4089
5663
7641
3521
9653
3380
5955
2304
8742
3816
1726
156
2228
2900
451
2177
7876
9770
2159
198
7597
895
3011
8360
6298
1707
9682
6271
3384
6739
8903
6313
5263
2390
9083
7202
1765
8019
6861
3210
4748
414
5375
5129
772
4073
4058
9647
5774
786
2648
3344
6374
3760
2299
5237
9758
5063
4637
8248
3703
6302
2703
9269
8601
2175
1256
6408
662
6009
7274
5217
7496
6189
2165
6214
663
4623
2825
5515
1270
3409
6091
2916
9643
9190
3910
280
3463
237
5808
4526
4906
4767
9973
2836
2414
9901
7745
5477
4355
4055
1744
995
9253
848
5360
5302
6779
647
7006
8016
6762
8339
8686
8831
3446
7585
3866
7005
2764
4554
8954
8773
3448
4555
6863
6178
9790
5118
6822
4287
5931
7607
9250
6947
471
8159
2655
258
2223
6092
3199
3740
9196
1031
9449
8794
3270
8485
2624
3221
4487
4920
4573
7029
5577
9711
9348
2418
56
2539
8480
3160
5105
8991
3141
221
4862
1706
1045
2783
9016
2426
7764
8087
2457
5664
5605
6771
1315
1116
6357
6594
9427
6807
9317
6917
4845
1720
8029
693
2148
5600
8825
2342
3912
7217
1820
8486
9829
8801
8371
1730
2638
4048
5691
3180
7618
6238
1974
7476
6670
5655
888
6323
4540
4107
6137
9924
1167
618
4415
1731
9867
7016
2558
1582
4030
299
907
6894
4127
9396
3620
8896
8304
8264
323
2170
5284
6428
6280
8575
3067
367
216
6074
8495
9543
8877
7187
2889
5259
9961
1538
2226
5341
7486
7716
8632
3787
1150
1063
8408
9954
6438
8519
1539
9808
3222
4595
4698
8096
6808
4913
3182
6647
6220
5296
3097
6207
6290
1237
9861
7091
7552
7935
6973
7760
886
5393
9552
3178
5150
3266
3046
725
9092
4370
1207
8910
7570
1919
5787
6250
3305
6936
5276
5388
3339
9997
9167
997
5514
8250
2592
1811
7226
6935
6291
2718
7195
4626
9586
1021
2211
3383
5987
2960
5680
6907
521
1525
4553
4480
712
4159
6691
9028
2469
3766
8420
4633
976
854
5917
6
3076
3545
6278
440
6161
4715
9467
3943
2416
6155
72
9012
7445
1714
1687
6757
8269
5390
487
6332
2382
5678
1155
4978
4924
1978
3287
5522
930
9570
2820
301
382
5303
4907
5038
376
9161
8245
7036
5085
5371
6629
4953
7749
385
5305
756
8005
5672
8301
9319
857
8150
9557
4575
6389
1945
8137
2686
442
5768
5559
4142
2540
7910
2405
102
6981
624
7239
3905
4646
5686
6698
5133
6729
1680
6615
6576
8138
3965
5325
597
3506
3560
9101
9479
1963
5562
9397
1367
3790
7321
8026
7606
6146
999
386
9765
8131
1542
7497
3131
7517
2874
4026
3263
5069
5430
9274
4899
2199
6068
9550
4006
9234
5321
8926
2744
2502
1008
1051
4261
9549
8286
6195
948
9143
5168
5971
4967
2994
6639
6826
6567
3862
5843
9687
729
8568
8571
5623
2810
6953
593
3682
2523
5785
7520
9291
7278
9755
9398
2883
6611
6976
3275
1802
4990
1248
2765
2899
2586
6511
4826
2144
2011
1523
5151
327
4062
9267
9542
9187
5834
9898
1440
9254
2535
8295
8032
8261
509
8421
1474
1881
4574
9702
6510
747
818
8071
5610
7976
3585
4457
7959
1994
4334
5104
3858
8768
1263
1098
9796
6127
5234
714
6726
3603
6930
3398
8549
2871
1176
3227
7539
9819
8346
3984
1519
7868
7275
9554
8394
9989
1061
5661
2631
1752
7964
8704
4670
2545
3170
9497
4577
8228
4891
1581
3232
2341
1939
6004
2837
6330
1911
4240
2639
7255
5754
2297
5021
959
677
6524
3772
5352
9498
1276
304
5745
2184
7807
115
7583
3322
9658
4850
2989
8090
2034
7545
479
5701
1851
5098
9537
2643
1923
3847
8528
3677
2613
1203
4443
4461
9000
6295
3579
1860
6587
5412
9380
6650
1823
5040
1783
6310
3296
7548
3323
8235
1627
1373
4496
412
5331
4072
1868
1127
5689
1797
5521
8846
7989
1157
7010
6119
7843
8758
1462
1816
3917
556
5853
9698
202
8971
4345
2198
173
7186
2705
9002
7501
8532
3147
7519
9351
4283
3814
1217
4794
370
82
6765
849
7411
7800
5513
5970
6796
2782
3146
6144
5756
748
7311
9377
611
8955
2126
8516
7257
4131
406
1085
95
5361
5464
8772
4983
5912
5023
5359
8787
5641
9784
1426
5882
1170
9553
7960
1782
9471
7475
6950
5977
4462
147
539
1092
5436
9746
4251
6491
8051
5103
9582
8634
1971
4418
9816
4439
4747
4310
1655
4117
6690
5024
1827
7109
1928
2509
9014
787
754
9769
2422
3750
8530
5747
1227
8867
1046
4926
7468
2425
4816
5910
2003
523
6737
2230
3403
4104
7122
7803
1445
4868
1626
5026
1499
1233
5319
6431
3259
9715
6401
6232
426
2667
7972
1180
138
6719
2595
7251
4476
9157
7740
8565
9600
8674
380
9575
7214
8369
8979
3954
8364
6474
1033
6136
7309
1335
8306
8948
8750
3355
2843
3988
2770
867
7954
7518
429
5338
7007
2875
4616
4507
1833
7541
1389
201
3828
1251
4129
6093
3387
4163
3645
7845
6067
2756
8139
8658
2473
9070
6566
9672
1856
8847
2284
6904
8479
7942
5178
98
3025
1592
7756
8582
5122
8600
344
1449
6454
9372
720
932
1566
1351
2023
3539
7341
654
6198
9305
5096
6378
6228
9949
9030
9748
7342
213
3365
2923
170
8617
878
6815
2513
7022
2253
6457
4634
2490
3173
4262
513
9185
4525
8152
3885
9312
3949
5874
8731
7551
317
9511
8126
8851
7507
5969
3373
5962
7183
9998
8524
1406
3654
6987
8345
6794
1330
8689
5006
2055
3514
9524
5144
3961
6913
4903
1371
562
6668
3704
1168
2276
6035
4716
9512
9207
4244
7180
2387
1469
9476
5050
7605
6453
7697
259
3082
5231
4915
4693
3010
7785
9879
3142
9923
5616
196
915
6709
7977
6461
1418
9526
809
7306
5735
2054
2078
2479
7531
1874
604
5044
1543
3204
1591
8496
6044
8086
6527
6455
293
4411
1547
670
8743
7553
4764
4140
7326
2089
8467
2785
456
847
7837
3128
6025
5844
8288
2312
8558
2641
7173
8107
6476
2424
5614
9882
5102
719
5792
5928
8688
8257
1951
7829
6926
393
7580
4102
7747
8715
8932
1780
8123
2067
5349
483
634
7513
118
3610
316
9854
8647
4470
5179
789
2706
953
7229
7624
835
210
7023
7983
3083
3230
8844
5457
3394
4276
9510
5759
7619
9622
8570
4782
996
9623
8874
7512
6265
7137
8009
1146
6046
4713
2110
7506
3139
336
2484
9047
3023
7310
9032
2751
660
8542
1844
1729
5905
9259
6256
7431
9316
6448
2830
8213
2991
2567
5718
4292
91
6561
4700
4381
6015
2194
1280
8577
2927
9055
927
9005
722
1924
1311
1003
262
1882
3225
1983
8649
7358
3044
4656
6103
4060
8612
1284
4937
5427
8151
7194
2829
9871
6283
2187
3451
9243
3516
2064
3200
1557
592
8588
8419
7061
5426
1153
753
4484
5721
8434
9225
3930
6021
8817
6077
3290
9342
8042
4746
5037
5986
7360
9920
4288
1688
6879
839
3043
3589
7024
5635
185
1656
6513
7045
9367
7220
4264
1309
7428
7799
4806
6693
2115
6951
3734
5340
7493
5658
1365
4010
49
7136
7612
4807
4195
4388
4064
6397
2684
3657
6579
8664
3660
7133
8220
573
176
9343
5709
1183
7415
3626
3284
1177
105
9873
2747
7219
1594
4511
8800
5279
1821
4302
6045
5681
6764
9466
2945
8998
5488
5967
2401
969
149
2038
3078
8766
9675
3697
1652
3601
8951
1589
9712
334
4050
3990
5836
9910
8319
2722
5512
5091
535
767
5848
8611
40
2576
4758
779
8849
3431
2720
2224
8143
7914
8791
5830
4673
8997
1969
9232
3726
231
1102
1016
1894
3869
2270
1634
5877
60
4053
966
4885
9837
1312
6890
4539
6114
2439
1415
7811
1360
1055
6837
4066
9694
6686
9579
9292
4934
3219
7862
1278
9085
4158
3404
7798
3530
5419
1187
8293
1004
2329
9335
7241
9773
1517
5579
9794
6487
2134
5653
1341
1250
2305
1381
4255
2338
5966
3012
5117
7480
6422
4472
8738
4172
7115
4601
9767
7230
9147
7504
9960
3566
279
2147
2216
182
357
8661
9375
183
4219
3047
9412
5555
1794
77
7356
7637
396
563
5283
9578
1354
5560
4876
2801
6713
1810
8186
9159
9068
1301
390
2579
6888
3132
9325
4783
2987
404
1620
2571
8015
1135
9169
5592
7593
3936
870
3244
2736
8880
1114
3823
3427
1849
379
5000
1123
6606
5887
963
5428
1885
1489
39
6355
6139
4579
8175
3423
5978
9050
489
8629
7284
883
576
876
3878
7223
7144
9909
2851
2254
9868
7390
3535
9366
4081
8185
2819
9540
1870
9780
499
964
5326
828
9124
2769
9408
7819
5909
6462
4468
6867
4188
6379
8628
5233
3175
2717
2605
6465
7906
4325
743
2884
5667
5999
2116
6040
5517
7448
1693
8635
8763
8318
8735
361
4052
5604
8702
7752
5235
684
7887
5070
1506
6957
3028
4986
2192
5953
2890
8462
436
8014
1660
1174
570
2209
5156
7386
2750
3486
1076
7130
3430
1942
8385
5327
9238
9303
2695
7004
8691
8353
1350
8195
7235
7929
7953
9328
1587
5749
1898
9389
8436
6013
3096
381
744
4824
7020
3595
6964
491
583
1042
273
4675
7492
6440
4322
5115
5163
3251
1456
435
4342
3237
266
2780
1101
8470
7627
3647
5698
1292
8181
6081
7515
5059
9488
101
5564
8920
4965
5009
5715
2588
4936
6147
6700
6526
3095
9521
4161
2725
5866
3408
3846
7347
687
3228
4000
9815
2944
9916
4730
7188
8079
4710
8423
7414
2971
9828
6202
6596
2518
3709
6261
4609
5738
9817
1226
3849
2346
2129
4217
2879
1621
9383
5332
2121
552
7540
161
1385
4830
2248
2114
1933
411
8282
3425
1513
7778
6217
8133
1082
5556
310
1734
329
9670
4171
3462
4375
9008
5927
831
7377
4547
9913
5440
3865
991
146
830
8781
3252
3341
3159
388
4708
1905
4133
9183
9066
9853
8767
5893
9992
2679
2251
5157
7848
3433
2649
5903
846
2893
6877
5822
3662
4256
5940
3591
10000
5777
9700
2169
6994
589
9519
1461
5783
7098
8411
1069
8425
8347
291
7950
2090
127
5248
7182
6932
4808
5764
7025
3123
4503
2122
6407
8513
7250
3918
7290
5865
5128
7076
9641
128
7438
8389
2163
5443
9635
690
6687
2464
236
1521
9298
6240
9113
871
8300
9230
8845
7722
4530
8373
7996
8352
5589
3611
7582
5659
723
320
7979
4763
6820
2662
5346
2616
785
9289
7560
6790
5370
413
9052
6931
6840
6309
5251
194
4510
1617
3029
6099
8183
4207
6338
6725
3602
6681
7205
3331
6547
9240
1552
8036
9974
6903
5888
6415
8865
8323
1585
4319
4254
8469
1331
5624
4580
4247
8730
1728
9500
395
5837
6318
9536
9937
172
6216
9881
3989
4512
9202
6169
9852
8548
3127
425
4012
5383
494
7833
7419
1577
6873
4787
3484
8579
8810
7049
61
5571
8429
2462
7652
5083
1436
9049
7710
1915
392
5435
7511
4641
6552
8165
9604
9321
7723
6720
5763
6718
3389
6842
109
9149
3546
8627
6150
595
9227
90
8006
4061
3050
5924
615
2274
3528
1600
8589
9093
9280
4765
1815
6731
2839
6603
2236
2050
6376
974
3596
2275
1976
8214
9425
4566
7924
4819
8937
2757
7233
8706
8594
5881
2790
8885
6876
9742
2804
1999
4802
1313
4076
9249
2466
4793
2259
3169
2699
3327
8280
6380
5481
6196
565
1657
1274
2373
9484
6321
9310
5829
793
1241
5101
8562
992
6929
1670
8112
5433
1787
4661
8561
6761
3445
5198
9705
7092
5640
7975
6801
6679
8433
88
3114
7898
2443
5509
4364
9590
4438
9395
9448
2337
702
6480
5258
8925
4274
1497
9771
8146
36
3960
124
7810
8671
6612
6387
2096
3476
2343
6253
5662
6585
7634
3309
1602
2901
6490
5110
6614
3612
990
926
9247
7403
5929
2350
6766
6795
6363
5960
5012
8135
5863
466
780
5241
1178
4414
9678
2441
6575
9517
9786
2621
3267
8333
3181
1269
2529
5152
8154
308
3361
784
9485
1416
1608
9473
4977
928
4902
2841
2100
1637
6061
8215
1024
4621
8030
1779
341
1159
7452
1812
8093
9027
2146
1777
1204
1504
6717
6390
8700
3068
7192
5900
3130
4097
8765
5199
1817
8953
8814
1340
6991
6848
6997
6702
5660
1444
2423
5704
2180
9486
3374
3699
2996
933
5345
6921
1987
283
4533
8701
9384
5613
345
8992
9203
7608
6671
7815
9021
4226
3236
2237
3440
3261
7218
5576
1839
6011
5209
5281
7797
7965
7225
6130
4157
2183
7858
2442
7108
9943
2372
1044
5981
2420
2080
8977
9803
2098
1163
9459
6555
445
2331
1087
9897
9315
3470
9426
7746
3093
6121
5348
287
833
6312
9103
2269
8392
7689
1403
8201
1887
4402
360
4766
727
8722
5015
741
5344
4709
2149
343
7546
7087
587
145
8196
4556
7273
5697
1561
5725
866
6989
8784
8331
5634
7978
6705
5099
3061
3420
6676
8760
7660
4399
9098
1296
4386
5322
2229
7172
8207
2615
8793
5602
7207
3986
2966
2456
3437
3090
4998
8915
8667
3994
7361
7677
7695
267
7664
3569
2245
4912
5716
5192
1220
2398
2412
542
1661
2789
8491
3672
715
2856
4122
292
2271
2094
8520
7676
5827
4433
2360
7911
3811
5138
6148
8466
3051
7328
658
2200
6569
3702
1072
5177
4257
5364
8376
5670
5230
1094
6818
1638
8785
528
125
4690
4308
8358
7313
6963
4499
9772
3115
1272
9374
4025
1244
4743
1358
175
3970
1619
2334
4963
3519
1703
8334
8547
9434
8023
3696
4838
8857
4008
2850
3059
1152
1834
8312
4665
1336
2008
1453
2193
2861
1060
5503
5757
8985
6316
2025
2437
2166
108
3755
1595
1425
2173
8556
6574
9994
2283
6166
2548
4108
5290
6172
4919
7200
1824
1701
2239
3872
4628
9679
9737
1855
6222
2897
816
2097
3418
4253
1457
1378
7500
7579
7102
7303
2564
1119
2690
5496
1757
8451
1961
1668
4762
3920
8124
4224
1717
9133
1495
1613
2963
5439
6420
579
9266
9201
2603
559
9429
298
1550
691
2447
4897
3017
6168
574
7527
9326
5569
8260
6052
6319
7853
3405
53
1674
4608
5485
3001
2847
181
9611
2794
1890
5112
8733
5684
4070
5899
2930
4180
2671
567
2922
1484
8587
6613
8533
9018
8475
8281
355
4074
5030
9040
497
7881
5858
9333
5904
284
8639
8242
288
8771
3002
377
2217
211
7336
4927
7058
1809
7127
6875
750
4113
2287
2267
89
1259
1548
3689
1013
1452
2534
829
8267
8585
9173
5467
1814
3279
2340
7146
9170
3646
5088
3454
5582
2477
1741
9478
1719
8111
2300
8452
1564
9564
9863
11
5693
4932
5633
41
1326
7473
9357
7456
3281
1343
8669
8813
1128
7238
1122
799
5585
9617
5983
4353
3549
6225
1910
5525
3505
3675
7704
4228
4409
122
330
37
1091
1618
1289
851
8829
6832
9870
7888
2951
7510
2559
4896
2811
2562
9204
126
4686
5473
6282
9721
630
4689
7268
3980
3410
9134
9241
4063
6525
7808
1039
5895
8482
4946
6710
6171
474
8401
9788
2658
9392
1242
5090
3103
2174
2344
8305
7857
9038
9123
7892
6535
9108
9482
9054
2044
1334
2914
6347
46
6467
6285
2619
7046
3294
8046
8792
3899
1857
6643
6895
1771
6047
6911
5992
8375
3853
1179
9090
708
6634
5746
3615
6662
1555
9572
1056
4022
4875
9215
8290
1667
9908
59
9739
8714
1480
7623
6780
9813
3315
469
5583
9245
6227
8034
8018
7904
3637
8541
7765
2380
2700
2654
2043
1417
9918
7993
6346
7451
7487
3887
4883
353
9975
3333
6514
2103
5609
7145
9730
1725
935
8141
6042
8590
9880
8769
7872
3614
7622
599
6727
6182
5071
6060
3280
2824
3461
5313
2753
1265
7821
3467
549
428
8572
5870
2713
1696
6366
7393
3276
825
1776
7682
5554
268
9859
8803
1208
1002
9631
1104
8913
872
3148
8876
8641
890
9995
485
3009
214
2208
6528
6435
4745
7686
5078
3158
8543
3947
318
3669
1986
4398
3125
2478
3948
5111
5722
6772
6593
8078
1346
7053
4720
2336
8853
8193
3927
7212
7733
9776
9401
4865
5369
6159
8705
8527
1633
2970
2397
2507
3172
6307
7330
6928
6520
742
6292
8607
7339
7595
6160
3522
7588
6624
9221
3507
544
5742
4119
5232
9304
9761
7921
4413
2088
9569
2596
3804
9191
9690
721
6400
8173
8234
306
5414
3501
8918
3415
655
4327
6912
9495
2143
7684
8815
610
3835
8363
9089
7883
8861
9063
9151
2657
5942
2303
4812
4659
7131
1749
8682
9381
132
2580
9062
4788
5441
3958
679
1926
226
9493
3577
3831
9663
8314
9210
384
739
9350
7123
4265
5075
1482
4130
8085
8048
8507
7051
4047
6627
4699
981
8978
5812
8205
8380
1254
346
7691
6540
3274
6477
9688
3187
1990
1584
5952
4892
8221
7657
7865
3424
1196
189
8094
5353
7917
9957
7379
2231
2207
7774
8551
5612
7280
4013
5056
9387
4393
3720
1769
2659
9453
7724
9496
9574
5965
1579
3306
2550
5299
3642
7314
659
9614
617
4275
8343
8307
6006
6623
165
1753
5035
7566
300
4972
4735
6986
4369
8415
254
9034
6436
8298
5720
6749
8673
7388
9506
806
5494
5318
1580
2127
3778
6685
852
9832
9193
1189
152
8807
7165
1681
1893
3135
3821
2797
3842
1909
8613
5547
6893
7649
4842
6369
4843
4726
219
4096
8525
5113
358
3812
2752
751
6884
9946
4111
6902
4688
8473
8335
6356
8256
8716
3489
8835
6083
1676
1048
5285
9468
7863
6181
3597
5828
911
8741
5732
3774
7043
9258
6413
9744
7243
2009
9385
3893
6792
943
6470
8080
5938
3581
1318
1520
3026
9171
3238
186
6027
104
3903
8136
5307
1194
7748
5072
9518
8879
4831
1412
6551
7272
3256
5492
1395
8522
9983
7399
3877
8008
5713
2365
2161
2158
9178
1658
3551
5781
7444
4776
6500
8427
9728
3751
2817
2891
1699
8988
9914
7073
4605
8342
2474
4242
5617
9754
2517
566
8236
3925
879
9649
7424
572
6131
5300
5692
3471
5134
985
3613
2172
9805
7370
8099
2880
9504
2569
2495
1927
9144
6111
7534
8384
9242
129
5671
7645
5062
3665
3724
51
6549
7661
1477
5456
7460
9223
9903
1141
5673
174
2190
7132
6288
1206
1279
1510
7418
7384
2846
9722
6933
417
5055
6087
5377
7673
3570
8919
1111
96
5267
716
2280
5511
9042
1106
3996
5550
9681
9706
5292
2413
8125
7304
5409
9608
5162
1959
6486
3830
1902
6580
6704
2394
5228
4410
7039
812
2030
7927
271
1837
6183
760
5762
4680
4784
1438
4352
4769
9996
25
769
6506
1357
229
6048
9848
1347
9615
2787
6241
7928
6200
5611
6233
5173
9581
4044
6088
5146
3273
8615
3334
3077
4436
7940
8795
5057
9125
4289
4426
8553
2010
4249
4804
217
4914
9102
1948
2941
8336
2926
7720
7021
6562
8101
6016
9422
993
8493
9135
9735
7082
4518
4997
52
7986
6601
1567
9276
8826
3400
6641
2313
409
6965
2142
5816
2542
1422
1439
6308
8219
6501
2445
4900
6032
934
4941
2936
7557
9629
9268
1140
7221
3330
5064
5356
8492
4901
8798
8223
2123
3258
6434
1455
6545
1748
67
5591
6660
405
9271
1344
4392
4649
1443
6432
6385
7263
4642
3607
8254
9846
6962
4681
6143
9046
34
5449
8852
3769
1540
3532
4671
3641
8909
4225
7973
5036
4093
5130
8247
737
5076
5723
6773
7435
1929
7831
9334
7780
8514
6968
4112
2917
8799
8580
6522
1015
2822
834
7655
7874
8650
3924
1471
6747
5545
4872
3861
724
2528
9900
3318
569
7499
7610
3031
8449
2915
4923
8168
191
2872
6906
3511
4683
4160
2402
9783
7244
5527
7283
4789
8366
1134
1791
5339
4887
9288
3998
7028
8663
7956
3775
2487
4523
4548
1805
1369
6409
3594
6767
7085
7801
2844
3099
158
6270
524
7397
6664
6728
2118
2493
8226
5567
3240
416
6427
9127
5434
7323
1896
4755
4684
9235
9979
6836
700
7242
9919
7298
8744
6597
6096
1762
1103
2668
2878
2721
4814
4385
4604
2674
5911
9071
7969
7318
5143
9883
2256
5215
4315
193
1503
2786
7783
7672
6364
7068
4558
4818
1551
4622
9602
2992
3959
1563
2928
512
3886
2809
8934
8887
896
873
2470
7437
8000
1578
9359
2085
2404
9248
7675
8614
9534
5172
6814
421
8344
4851
1221
5148
5814
7050
7826
8372
8445
3578
5852
472
7185
1852
7096
6151
1225
7528
1133
2905
7015
2508
5125
9156
4734
1603
8676
1606
8965
9199
1339
5628
1746
3777
3241
9219
68
7650
9057
4190
6043
8693
6805
2511
3923
7362
9255
5993
5455
6754
9751
899
4331
6684
3973
3164
1181
4175
6059
1245
6372
9279
5657
8322
7197
1534
6058
9308
8463
9142
1799
4088
1605
6304
4222
143
31
1590
3935
2622
1109
7952
1433
6082
8208
1876
3738
1922
1458
1268
4532
7915
3618
5696
9079
5975
5788
8061
5016
8959
856
4416
2986
5824
9577
2482
5584
8596
1464
3978
1345
2333
5304
649
8147
8875
4178
3190
8020
8106
2998
8737
713
8559
4817
1616
9120
1808
6242
5183
4949
8869
8973
9725
609
6041
8598
6937
770
3896
2612
6315
206
3351
901
2758
5540
7947
3213
239
2430
4895
3201
9874
9621
5323
4939
7353
631
397
4572
7442
6791
8958
5868
9461
2351
8031
6447
7142
3193
64
4236
8668
5568
8850
2611
7490
2773
1864
2781
893
8490
7852
5553
8308
8450
4015
5741
2519
6558
8591
5220
6548
4357
3715
9677
1664
5028
9703
8905
6328
505
1642
3968
5461
2573
7981
2803
3246
5570
1222
3548
6961
5683
5886
7706
4279
7401
643
887
3739
3089
3792
8100
1598
2650
8349
9603
685
7052
5991
578
8088
2106
1413
1392
5362
7743
457
5041
8968
3223
2206
3617
8983
5218
3020
5399
7584
2501
7860
4647
4587
3889
168
3038
7934
9822
8638
7897
4216
641
9546
5201
8695
2295
4351
7773
5552
7795
5719
5280
5293
5054
516
3857
3185
8414
7793
6264
801
7373
4515
1018
2950
1615
954
3086
7809
5334
9365
776
1973
2291
8889
4583
1327
7365
5337
7957
6841
5082
3466
8039
9146
5810
2139
8440
3030
5155
274
840
9799
9745
2664
2205
5665
8383
9450
3953
9376
4094
6299
8515
6451
2547
5298
1732
7472
8886
4664
4248
1261
7698
9544
5782
401
7775
3826
5847
8757
7325
163
4333
4951
4471
7222
1282
9318
6688
8761
7992
4459
9888
7129
781
2536
3015
2943
3249
7177
486
7882
3999
4916
1149
4736
54
8410
9736
5890
5778
656
794
7643
4888
6537
7151
4974
4366
1610
8325
6638
7609
8790
7488
4229
2383
9106
550
4756
3401
2761
8283
4956
2497
5954
4038
9931
1049
6416
9695
3154
5528
407
946
2691
5805
4486
2677
4238
4993
4844
5959
9928
1669
1530
4324
8105
1947
6441
8809
5557
462
5826
7639
6008
6248
1161
5271
3795
9386
8940
3406
7375
1169
791
7026
8779
368
6673
1891
4796
4377
9541
33
9766
7562
1032
459
8050
7093
9481
3370
3860
3045
2434
3217
4773
253
1228
7175
1988
9726
5226
9984
245
5786
3264
8192
140
6868
9520
9778
4546
5775
9339
9775
5791
1068
2766
2881
7075
4667
6851
7796
4246
3780
6226
5027
1374
7849
2557
9177
305
2153
8619
8890
5107
1014
1075
3481
4559
3079
3313
2821
4904
1784
1100
453
9126
6012
1500
6210
7662
7409
2687
2673
5700
1906
912
5195
9810
7446
9872
8870
3671
1236
6190
7678
4166
7895
7152
2599
171
4618
4189
6665
1575
9181
4056
6157
4811
2694
1479
9875
4294
5174
3198
1819
918
8377
6523
354
6759
3109
1554
3836
9433
2818
832
2907
4234
4079
3985
9607
2016
937
8508
9237
803
3870
8623
9299
7000
5708
2723
2433
9160
2367
3653
5089
1000
4701
8166
8848
7153
2845
6775
9964
6993
1691
2714
8249
9341
2258
4147
4685
2406
8379
2541
5160
6325
6493
2000
7896
5998
6740
2379
6898
3721
1507
5748
9290
6305
7436
9077
4103
9026
5080
3497
8084
527
7237
2533
4531
3496
3651
3195
9980
4138
703
4866
9645
6853
1249
7526
2877
1266
478
4703
3386
6734
3283
4820
3459
8597
7786
3593
4823
4905
6584
8022
774
4527
1774
9323
8606
4451
4961
3214
537
4594
5007
9430
7498
6206
7717
4343
9492
1970
9438
5961
1695
4975
8255
2583
415
9060
1302
2124
983
5079
651
7961
3875
8523
8291
1131
5288
4692
1841
6402
2449
9362
2446
3325
5127
7463
6972
4754
94
3153
6388
7565
2835
944
8894
5797
2555
8537
8311
3071
6755
6329
9740
1636
1685
6224
3016
8062
3473
9959
4733
8474
3767
6730
7265
1766
9031
6697
3688
2868
4917
6828
374
6919
6213
5765
6977
6716
4348
4775
2618
1321
6317
841
4192
4561
3573
2946
2063
4286
7587
4857
2795
2435
1735
4077
5809
8409
3684
4020
2661
192
7758
6695
4340
3588
6669
7705
1822
8303
9714
7668
971
157
3586
2048
5897
1139
538
6512
1317
9548
2232
8182
2377
7907
9229
9797
9096
9035
7094
8200
8412
3716
1247
1773
6358
8403
788
8680
638
9533
782
6889
3247
4384
1972
7919
8189
2978
8780
5008
3434
2279
6901
6154
9571
1800
5484
9399
5140
7113
6866
9757
209
1454
3735
6324
1611
1698
5629
7420
8618
6694
4619
6412
9968
2084
5095
4749
4449
2604
5937
6360
7103
3800
3242
7040
5310
9110
4864
2136
1705
8681
9011
8224
9781
2911
4697
3590
7417
5301
7734
8819
9821
7937
3314
5365
3243
1684
7383
2317
4313
322
4650
5930
4648
4362
7596
2235
9774
3291
4987
2543
5497
3900
8882
8382
8739
204
3773
5489
6498
3781
1502
1848
7814
3768
4833
133
7316
8884
3841
3623
6297
4475
7997
7658
6925
8863
2623
8679
8073
3575
3058
2095
4309
4312
5244
8432
1130
4479
6450
7982
3432
7494
2330
3898
4979
3102
5074
1429
6736
7714
1739
4441
470
6287
5526
3477
8494
3967
8901
951
5207
2776
588
9086
2552
6359
3465
9407
8066
7259
73
564
3955
3358
2045
4567
6787
9616
3531
5884
519
2263
7966
3385
1925
2903
6425
1639
7842
9091
2728
3191
4368
1869
3813
7642
6037
5776
4770
230
1772
7564
4931
5872
418
7922
707
1198
4405
6028
778
2524
9138
7305
9349
1785
1950
5100
764
5985
2739
6544
6269
4791
1066
6565
8317
5392
1536
3679
6140
7351
783
2006
1659
6133
2252
5169
602
4374
2001
3098
3192
6406
9109
3094
7203
5682
7568
9718
2107
1322
5799
4839
7074
6560
1195
4109
5685
3286
7295
6243
7963
7072
9069
6368
4445
97
1047
7656
8616
79
5014
501
4737
2093
1306
9331
3932
534
5366
3388
1711
8975
1795
7620
6030
3340
4971
5838
8049
9555
4155
1432
7261
5175
4042
7835
1080
8210
4417
2033
8697
2315
9236
7443
4988
3229
447
3741
7042
8144
4654
8902
8357
8441
1390
1522
2395
2277
2609
3226
5566
2483
8927
7121
5973
6939
1202
9842
3504
8209
4214
6231
5841
2854
1967
5294
2551
3469
2246
3757
5807
2130
1712
8517
9452
8576
2964
2730
2719
9630
2904
4643
3224
9588
2514
228
8938
6988
3049
5859
8752
6891
2306
4126
7281
6966
2522
62
8621
7296
557
1952
9858
942
3540
8278
408
9724
6530
5676
8897
8759
5486
8960
3966
119
2537
5094
7802
8895
6211
1386
6880
3202
7679
1067
3360
5533
5731
8351
6975
5039
5407
3480
3891
4335
4694
4828
7160
338
6833
2698
5483
1038
2040
65
8028
195
3412
7879
3928
1635
4933
8555
7276
8464
2902
8626
8503
3277
7544
6998
2353
3443
4560
2332
5856
9831
3693
468
5823
63
6065
5944
3764
297
4465
4980
1182
532
3901
9884
8509
9886
8455
3118
332
8069
110
1126
3550
7211
5596
9446
3584
8142
8498
4638
4378
3392
8952
2364
3879
8609
4714
4232
9664
4360
673
3629
7297
3206
9354
321
6674
1391
2176
586
9457
8017
3638
8120
4023
3797
2982
9064
1803
906
6251
7150
9117
6592
3817
5524
4945
9970
3604
8836
1880
1006
5400
5254
5159
6633
957
6410
1709
8941
7231
8546
2
864
7357
286
9058
3761
8194
3194
2104
8422
6483
6429
7702
4669
817
8270
8560
4143
9019
5381
9777
4478
8148
9869
547
2486
2740
7535
2381
7345
1723
6327
3212
5857
4128
3609
9942
2455
4795
7385
2323
9969
5729
8871
6260
3008
106
1531
8916
1431
6675
4428
3362
7521
1007
136
7457
3308
2057
4278
9353
9
5106
2026
3723
328
1558
4041
1813
1992
4273
8076
3152
9454
6320
5506
6343
3108
1937
9402
6605
3897
42
8121
6351
6496
4049
3332
3066
1995
6609
9111
8843
7147
8002
3268
7554
2257
6063
3655
2086
3937
1460
5876
3940
9791
9878
8374
4260
9545
4467
419
1526
2371
636
55
575
3205
9311
5551
270
1054
4337
3085
4636
8832
1252
3342
3806
4576
1304
9300
307
5637
6120
8728
141
3680
7387
1673
1930
1512
726
2531
6798
2920
92
5265
9056
3752
7287
3265
5240
4281
3951
9081
3510
9051
6113
3320
1677
795
5548
3346
9306
6712
2145
9671
3991
6753
3239
8190
2864
8789
9899
680
5915
2940
1473
4469
3744
5413
1437
5705
7621
738
4653
6642
717
2154
1383
2219
449
9094
4186
6550
3668
6218
3939
9415
324
5803
3913
8833
3537
3377
6984
9122
4301
9654
3112
1232
9601
2112
7669
5597
2261
3208
8443
1957
3269
6255
1143
6303
3834
1375
1404
9487
3100
730
1201
6452
4321
241
3120
256
9404
1588
2617
1239
2678
45
9507
3007
3033
9431
1026
6502
6275
1012
3253
7348
251
1173
3705
8402
6456
1434
9966
8253
585
9528
1125
465
9566
8993
9834
1944
4209
7784
3070
1199
4672
4397
4167
1332
8330
6362
13
3143
3293
9179
4774
7279
9477
7034
4944
7903
8592
6066
5051
5642
8574
2683
3529
3110
8633
9043
9990
477
2062
1759
8268
50
3822
4437
4658
7558
8217
6967
4722
6326
5702
9659
4406
2120
4268
7859
6078
3975
3833
5145
4311
6381
5919
4054
6812
3608
3039
2526
4570
759
6112
9382
5972
3348
7199
6618
6331
590
6743
4075
3559
674
8868
571
6079
3326
1989
3856
6648
1886
8942
2101
3336
6948
6829
3649
27
9902
2345
3663
3650
9565
836
8776
5501
5760
8180
7731
2102
875
6644
6659
6784
6141
2561
28
2778
522
7054
3527
2637
5266
7998
9251
869
5945
8816
9779
1920
653
7090
7687
4057
6707
6856
4921
5188
7210
225
7776
3756
5510
4296
6394
9456
2626
238
4552
2894
1678
5261
4771
646
7594
2585
7171
4432
9277
6654
8726
936
5475
4201
500
2500
8149
1240
7522
3149
8755
1901
1738
8840
1411
3706
5531
9598
3378
1277
2056
4017
1826
2073
8047
6733
7538
5212
7163
4779
8465
9483
4723
1764
4116
5599
8709
4644
1470
6872
661
9691
9502
7048
8756
5385
9741
1846
3888
3087
4500
3052
3304
4957
9856
704
6106
1090
6610
4610
7573
5053
9976
2021
880
5465
1447
8321
6788
3513
7659
5005
1096
7824
1492
8024
6515
3013
3941
339
1427
7286
757
3691
78
6430
5804
7718
3101
8976
6370
5726
842
4349
7315
6622
2862
4489
8931
2627
257
882
6940
9993
2119
8442
8365
8892
8437
9513
699
232
4849
4809
1965
515
6174
2429
874
8044
5045
6943
2832
5996
3416
7162
9981
2072
8911
9222
2452
822
4836
3789
289
8489
9750
5181
628
220
2375
4134
9195
9340
6696
8670
689
7968
8438
9336
8416
1624
3184
1859
3307
1565
1450
4882
7215
4332
5668
1218
6793
3257
7902
4359
5114
7789
6460
3561
6107
7157
5445
6444
8573
2046
9441
2249
3977
897
3171
6839
5793
7700
7030
8935
9074
1231
5025
309
8567
4203
8132
3174
2709
640
2724
9065
7632
6055
6116
7832
1364
4985
32
7825
2892
8355
2755
5453
9921
7834
9701
6156
9044
7767
7590
9851
6657
135
4
4954
5815
1257
1559
6466
190
4999
3555
4317
4995
4498
7631
81
8447
8025
5135
9719
9890
1307
3144
2689
2152
9131
1030
8736
6018
6804
7204
6802
9272
548
6459
3916
1271
2027
7088
7064
5268
6339
9814
6509
6185
2953
502
6589
7830
2929
2602
3572
4501
5615
5712
1498
331
1871
1750
9716
977
952
7469
1528
5646
212
644
8179
568
7117
3393
5794
8109
8041
2680
909
5480
885
5695
9727
1121
958
5958
6479
8386
1710
2913
7254
4024
9680
348
2415
4571
4541
1483
1955
9369
5087
972
9022
1845
423
8274
5740
5914
9114
9812
3599
5166
1875
5994
1084
7055
7461
536
7561
2863
666
530
6449
7070
2521
4446
3634
3368
884
4019
6138
7941
5867
4867
83
4068
223
4943
2983
2059
3867
5491
9547
8169
362
814
8240
9130
1556
6649
5842
278
8987
4848
7899
2608
2859
2634
5225
1191
3674
9655
1370
2068
3824
9281
18
9674
4785
9262
8872
9556
9447
3708
86
3464
5988
4590
8097
7352
8521
5065
6914
7732
3892
1647
9840
9689
7713
9020
5368
5767
1264
2024
5367
3449
9007
87
8340
5647
4170
9443
4100
2278
8453
2827
8665
5043
8724
859
3295
855
4676
9759
9891
7999
5755
1295
264
695
3493
1796
6371
7317
1946
2032
2071
5196
4495
6468
4992
4087
3189
664
9820
3037
9756
6354
6990
3167
6391
810
247
4210
7626
2812
1214
4197
6497
443
178
3644
3844
6905
7453
622
3598
6616
9764
3366
2600
6473
7114
8996
5214
9662
7467
121
8059
5277
399
2885
2774
626
5402
6715
1419
2949
7738
4011
148
6640
5431
7324
4318
1858
9041
2670
48
8536
3509
5373
6581
1043
7252
3285
6862
1083
2716
3376
5238
2417
3186
8252
9594
9409
921
17
2587
3371
7148
9862
4557
2762
4935
9244
5619
2240
1185
4761
2399
9752
1071
3106
892
3474
3730
4877
8994
9082
8233
745
5825
8457
3983
3498
956
7602
7533
8687
7432
6336
7708
1524
9413
8749
4404
1900
6732
603
5811
605
9264
665
5200
3929
3736
7125
3719
1697
8098
3233
8277
448
1953
1713
6646
2017
8197
7926
2777
8484
3092
8430
4136
3500
2956
7909
3072
4727
1960
5297
7201
7946
269
1527
7080
5239
6417
7894
1305
111
1448
9293
5926
6488
3419
319
904
8287
243
3248
7372
3711
3810
1842
4458
3683
908
1273
1665
5595
5202
6748
6186
1940
2427
5542
7374
3882
4168
1700
5956
6881
5468
84
2696
6334
9952
2037
6626
584
1804
5974
4181
4591
3652
529
454
205
492
619
6188
4447
1682
9356
400
7703
4423
6711
373
4752
5769
9490
3312
9176
3282
2432
7156
1908
3316
4258
2849
2494
8964
3763
4569
2961
7003
9515
8468
5537
4243
4110
2988
9589
9224
6996
1715
2242
9327
5703
9095
9284
1303
7603
5236
475
1147
8481
8198
4016
3754
430
5933
9787
1514
3080
3211
3855
6797
612
6849
2852
732
9273
1154
9216
843
811
6969
2969
8497
8171
4599
4942
1662
8251
5714
9930
5990
480
4028
7343
9972
4205
4960
2213
1314
7464
8643
5149
7430
3134
1052
2162
1205
9006
5558
120
710
950
2302
8837
9950
7236
5013
2234
8362
7651
2407
5487
8922
3457
8095
986
5625
1934
5770
7196
9673
1035
9295
3499
1235
9278
9935
5093
3784
8326
1073
9929
43
117
3827
116
4721
4827
8237
9180
5523
3317
6882
7410
7694
1907
600
6635
5358
5861
5819
4886
3876
369
7059
5504
746
845
1408
1387
5699
1095
9100
4563
6102
3808
3428
4881
2676
5730
290
2181
1954
7827
694
7508
5622
2840
7319
1300
8583
7371
1541
2853
6672
8399
6064
1216
606
5920
4284
4295
2468
3658
4781
6306
3922
4981
1904
6392
6424
8065
2666
4640
6959
6531
6382
6811
5544
3661
3117
3868
1118
8535
2910
1962
8276
2282
2328
7216
961
5766
7891
3062
16
5126
9428
7035
9256
973
2480
1488
410
5711
1
3701
4139
8659
2324
240
5675
4303
1050
6245
8788
5164
3992
5245
5630
2701
1368
7450
3648
6123
668
5932
1451
4878
9104
9585
4837
5631
5139
2630
1022
3260
1727
1190
3151
6005
7889
7308
596
9421
3129
5052
4966
8227
8010
3819
3911
1110
2151
3468
2726
9676
1342
8655
8608
4407
167
7106
978
1491
2140
8778
4535
1260
4731
1872
7110
8651
7574
4534
2385
2653
4204
683
709
7790
9523
3502
2746
7812
6349
6252
5894
2974
3005
1704
6170
9465
9626
4994
4497
5448
7118
3310
3122
9860
2135
9559
4707
8354
2506
5272
1011
2004
6458
8309
8557
4738
9738
1424
9562
3727
4663
9324
7667
9785
9494
7141
4893
889
3963
2178
8361
9499
1337
6294
7440
2732
7479
7441
3815
2352
1379
2285
6785
5180
3729
8238
2471
642
7736
5382
3321
1059
8163
2855
8505
2310
6411
2939
4059
7781
6284
2525
7844
5049
8115
2002
6782
1867
7191
2265
7509
4182
4529
1283
9639
4454
4297
698
701
8675
9508
8328
6399
8405
1895
5476
9830
5750
2503
9282
8899
2458
4034
4065
3640
4185
5116
802
3207
3542
5795
7761
2410
4396
4291
5535
8624
9186
9686
7948
9573
4151
9115
5946
2091
6954
6923
525
4550
4430
1478
4014
8052
5880
6897
1866
1124
1941
6806
4372
9825
1193
9650
9246
1212
3907
6073
2712
2307
164
9275
3297
3438
4488
2984
7338
4585
511
3728
9004
9182
3788
507
4344
9583
5471
5131
4589
1830
7943
8170
1573
5395
2320
7392
2293
3145
8972
7782
8117
5957
4854
7925
5656
5984
6542
821
461
9991
5706
7139
9265
335
947
8075
5743
5736
4440
7433
6080
4412
8476
1646
5312
9685
3022
7869
824
9198
1158
9855
3957
2212
3627
2520
4424
6342
8502
6433
582
6249
1376
5032
403
455
2273
3874
9307
7955
8595
1648
1481
4798
3692
5432
6262
3494
4645
8534
3534
3126
3447
371
2967
4800
378
979
6724
7189
7
142
6344
9699
7471
8007
312
9423
560
2015
1675
2031
1733
315
422
3324
4853
179
8083
4106
2741
686
3338
4841
2197
252
1692
6122
7905
9174
7429
3964
998
1756
5004
8054
1145
93
2816
2132
9833
5561
2742
5469
7537
4739
8092
1631
7980
7770
4909
4212
5158
7532
9472
9129
1112
629
9360
731
6608
7794
6899
4263
4952
2924
7302
4033
9470
1861
4742
7282
9811
5472
4617
493
8603
6769
5208
3472
2807
4768
9228
2472
8204
5137
5950
506
9802
4365
8404
6464
1984
6062
5651
3450
7753
2715
5854
2262
2625
8316
8356
711
7159
9627
4383
4593
6758
76
1023
1238
8299
4442
7559
6023
1625
8188
7923
5639
1349
2308
2296
9033
1884
2866
7779
6164
2421
9838
4889
9633
473
5184
9807
3300
5947
9424
616
5490
4035
4757
3915
3063
4144
1377
2921
9782
4959
9936
3081
8630
3742
14
4803
5451
9618
8708
5644
3150
6838
2702
3429
5922
9987
6234
7405
9165
7227
5618
5921
8397
3069
6677
2896
4502
131
8995
7047
6958
7422
9439
1690
1640
8172
8685
8625
8990
1985
7763
6020
7707
2374
9048
3137
2485
6546
7320
9835
7396
8206
431
3088
433
6029
3687
130
1832
6799
4629
1721
8873
7485
6054
9501
4164
2942
6630
3743
9153
3036
6632
10
8554
3745
4813
5454
894
7885
6637
7011
1384
7709
5907
8746
8751
8947
6098
8620
9733
3765
3035
2642
9747
4729
7836
2020
8777
6599
3140
4760
7839
8888
5372
541
5247
9352
9061
4002
5391
255
6149
554
6543
169
8337
6827
2636
7543
3678
7262
5171
5450
8378
9613
6763
4183
9337
9263
4376
7987
7505
4657
1604
9708
3074
1362
5386
463
3357
984
5855
7990
3183
3838
4711
8683
3482
7636
6949
5269
1325
6124
9475
2842
3526
9845
9078
1537
8796
2238
4121
6503
5883
3040
3021
8775
1041
4356
623
3753
7530
9560
6777
5873
5306
6084
3000
6001
4598
3713
7787
7525
7591
6909
2681
1544
2188
598
1632
8657
6089
8974
3825
4506
6350
7871
1745
450
7638
3748
5418
7289
3435
5470
9358
3600
2937
8110
4834
2629
5493
1037
6955
1835
9460
3354
2393
3053
460
8898
2589
6824
9731
3698
8748
5317
9463
6595
7681
4969
3048
242
5404
2675
1938
4463
6706
1649
1275
7692
3396
5654
6819
6489
4491
4223
6031
5058
5964
7001
7696
5581
4146
8157
5357
1586
1467
2620
2860
4962
4305
5840
1724
7334
3737
2492
6404
9363
5546
7851
3944
5437
6645
3488
9636
9411
6221
5563
4870
2972
7890
5649
3931
1755
9720
3558
9017
1743
7346
2368
3337
8294
3381
9469
800
2453
9606
311
261
3829
7439
9154
1496
6050
6273
363
5186
5875
1853
5821
5324
7101
2264
7014
692
5211
3731
7105
5820
9145
2865
7985
8720
9309
4084
439
2931
8128
9697
9214
6472
7027
8116
4177
3717
2591
6852
6678
5650
1380
4750
2349
5243
4614
3523
6529
2403
4592
4427
8696
9302
2083
6536
2652
8428
5421
3880
6774
6395
285
1501
6850
9371
9850
4588
7481
6184
6559
7958
6714
9986
1211
4115
4208
5601
8945
5017
1441
29
4196
9406
9749
2505
9084
2644
1027
9597
6887
6038
7878
6742
2985
7031
7253
9436
1175
5979
3854
4379
6554
3347
1129
2081
4695
3363
6846
6393
4829
4328
2448
8981
4852
2734
5995
8064
7823
7344
7576
1583
3196
2826
1532
19
5813
3749
9798
581
7536
4187
8858
5818
8161
1184
2771
2117
2633
3852
9713
6692
5963
1877
9864
5002
3628
4421
1789
207
467
4293
7630
9200
1465
5420
5438
8417
3421
7680
1081
9400
9206
6495
4316
7256
3402
4514
2460
2496
3556
8359
6927
7685
520
4660
4545
7465
7124
233
7413
4444
6844
5898
1751
1223
765
7715
1164
2039
2396
9638
6703
4191
2007
1040
9347
913
85
6443
705
197
4847
8444
2133
389
7483
3157
7149
9067
4118
939
1430
4347
4606
3479
3725
9442
1186
8153
6090
21
7368
1079
5710
2656
2814
1355
4744
980
3518
9527
3289
6423
3133
9361
1148
7247
3231
9003
2214
2876
7307
8818
5724
7614
5606
7359
2357
6745
6934
2704
8822
1801
9491
3710
7665
5648
2463
1912
4452
3950
3843
5398
4389
8174
6582
6419
7817
6689
2598
7870
667
5287
8544
3335
4450
4105
1644
5780
9660
4662
7772
6864
9985
8127
7269
6229
2685
551
1352
3262
8841
5333
1136
7009
1281
4233
7190
4950
4395
1230
5677
1740
8694
7777
8745
6281
4306
5529
7112
8218
6398
7699
9857
6602
6383
6568
2408
9455
7340
6952
4860
6835
8118
4732
5121
4869
203
2975
4213
5717
9609
3298
8390
1485
2150
2527
6076
1137
6908
2354
8327
601
740
9239
9464
4235
296
4152
5347
6741
4958
1088
4307
4679
577
2831
2099
9112
6019
4371
6026
1897
5423
3938
7248
6481
1288
9988
6979
4271
1996
510
4141
2955
9075
6258
4069
4984
7168
7788
1393
3746
8812
9437
9642
9286
6445
303
1622
7067
9877
441
9175
2438
3533
391
919
2772
1569
7516
3544
8259
6750
3328
1262
6985
2601
1977
4021
8424
2743
3475
7601
9933
5416
4045
7867
2823
8488
4568
8725
2339
2092
8797
8446
5262
7376
9801
4612
2065
3686
7367
8266
3621
162
9213
8636
2196
7350
7335
2976
1767
9584
771
4544
9906
4682
9963
7549
7939
5119
5800
8610
5282
9667
5176
1666
9596
6768
154
3179
1421
1353
5773
7741
4091
9197
2532
4801
340
1078
5845
151
8045
6484
5252
9531
9080
9505
2204
2335
2947
8699
2672
7592
7856
6289
2729
8461
5123
6277
6485
7208
5442
3820
9595
2556
2707
6631
903
1028
1420
7416
2294
3622
5335
5046
2260
7019
4176
9209
1156
8246
6201
5989
6446
7038
1949
5397
5626
9503
3635
8292
749
2060
9025
6956
6165
3633
2918
8038
8956
3839
7818
6783
3676
6348
4326
4635
5621
3073
6541
281
7984
6738
9696
3235
8654
3997
1166
3987
4613
7037
6505
9024
916
9763
8783
2582
4481
9118
9368
227
9294
2802
5751
9823
4753
9734
7854
2962
8823
3104
6442
7586
8747
2516
2606
3583
8348
3979
982
5941
8289
3859
9220
5406
8504
1702
4466
7936
7434
9150
6978
5771
6701
8483
8104
5817
4490
9257
9370
2640
80
2241
2481
637
2581
2125
6924
6519
3659
8707
7249
481
3395
2708
8842
5869
5315
4911
1671
7901
8622
4740
1630
9393
5948
3299
8924
3407
2388
5020
8637
4215
9137
3027
438
6403
1879
3574
263
325
5923
8754
8056
3587
6203
8162
5274
1224
614
2647
6100
3034
4269
1372
4521
6915
9941
6192
1966
6353
6916
3794
5408
5789
2400
9509
792
7571
7322
8506
989
1786
4925
9029
7838
5197
155
26
2813
4043
4894
8578
5429
8426
7495
7299
9894
5901
9073
9045
8388
2980
5688
4938
3032
6300
6995
2682
7542
2808
6199
3904
7640
7179
8545
3718
5042
4625
8563
1763
4218
9440
1843
1825
9270
5530
1831
9628
4792
9388
1798
678
533
8164
2202
3805
5593
6247
7421
2997
3779
6333
8262
1533
8500
8806
7482
5328
9938
9099
8158
6619
6941
188
5167
6230
8155
6117
3969
2759
9394
3060
294
6239
9999
6125
4339
4538
7193
8265
6577
5132
7161
1077
9088
5594
531
8666
1888
4516
2052
2325
5690
8263
6094
5752
7813
4453
6337
4193
3414
3444
3019
9743
2651
9530
736
9939
652
2584
1160
5538
2660
2869
7866
4367
4330
9932
4239
6854
9958
8004
9009
827
6109
9619
6426
4354
9516
1997
9140
160
8033
2981
9379
5687
9522
4948
3413
8003
8808
777
5587
4184
5295
2476
1736
9710
7550
1215
4029
8642
57
1850
9480
8275
7949
6896
826
2767
6752
8413
3203
9625
2475
9962
2061
8145
967
1982
625
7967
2888
4832
2355
6974
1394
7893
4790
4655
6746
7337
6583
675
5246
1388
4095
1297
7107
75
6945
1328
5835
2553
2560
224
3771
6115
3919
752
8684
6212
6946
1089
1593
8239
7116
3460
7065
9792
1629
4777
2489
6191
2289
7647
2221
1476
2935
2692
5384
8177
3976
3557
5733
8593
8966
796
4970
9136
5253
6508
9839
4266
1641
7018
9252
7458
3625
1916
3914
215
8566
2316
9053
3785
7556
3303
9208
4678
4513
6075
8478
514
3624
6375
2886
7616
8900
6516
9538
8764
7300
4125
7454
6590
2792
3619
1694
7744
2693
9656
1576
6869
3782
8653
2171
4835
70
9795
5806
2805
9704
7729
8027
7735
4786
8067
3452
7260
5073
3656
8512
546
498
7730
153
3776
8727
2793
8068
861
1975
349
9458
1229
7071
8711
4230
1400
6886
1062
2384
1099
9166
2779
5694
3733
2977
398
4505
3442
970
7962
2488
1643
2632
7635
965
2157
4137
627
2290
9105
9036
2255
8400
2578
1770
6744
1818
6971
6070
4211
6085
8035
6129
4099
2748
5758
733
6180
7739
6108
4005
6723
424
4085
5154
2745
635
3369
7097
2607
2594
3722
5727
3390
2597
1005
7769
7400
8907
5578
7178
9445
6492
5679
9141
9405
44
9865
6870
1932
8980
1246
4630
2938
7264
8160
2215
9128
6471
3515
1053
99
3382
5885
9866
6992
2568
3567
8184
3441
2155
113
7017
4179
4863
2467
4898
1865
8949
6970
7711
1446
4336
5010
4132
3902
490
4169
3712
5204
5424
3292
8350
4996
1291
9934
922
7423
3343
66
2014
5250
6571
3014
4805
8459
881
5850
2565
1172
3218
9956
5022
9844
7270
250
6296
5851
4562
4930
2225
8672
7119
5033
4425
2028
7138
938
2993
8176
5458
8037
4004
9535
3547
1708
1775
8499
6219
1968
9841
5798
850
5452
7974
9539
9039
4607
1197
333
6874
1914
313
902
2087
3271
1097
7198
2131
4536
669
3350
1324
1298
925
6017
7759
1936
9944
3105
4520
2164
9717
6301
7033
7563
314
5182
1991
6778
7041
5444
931
8811
1234
7332
2957
458
7663
7478
1873
5734
5187
2737
4706
9283
1034
1998
6494
1838
3121
9287
4772
960
9233
6033
773
8477
2018
1286
8398
8129
9693
199
3216
9760
5598
8804
7288
7032
7381
5573
2376
1171
2614
6095
503
7577
2731
8883
2800
100
1614
7382
4173
4373
5590
8538
8943
4341
7143
4148
7864
6938
7267
8122
3439
1601
4724
112
6197
8258
3018
5539
3643
9391
8187
4858
7369
6267
7491
8921
5980
3055
5273
8395
2574
1716
940
3664
4363
844
1545
5411
4751
790
9640
5878
3592
7933
6268
2058
1760
4712
38
5189
5205
4001
6352
5519
482
2348
1862
3582
9211
4955
7057
8830
5645
7462
1267
6756
2051
8178
8013
768
6598
7408
7615
6621
4304
7666
5466
4007
8310
8656
9162
8472
5255
3107
246
9809
4600
9168
8407
4929
4549
6604
4227
5092
6944
5224
4509
2512
7078
7820
1258
5534
9612
3004
3747
488
244
9558
1535
9373
5507
3799
5951
6049
302
3162
1165
3177
6010
5839
7489
5067
2266
4603
4537
905
7477
8933
8454
3075
2570
2711
6153
9338
8762
9532
6439
9297
671
1074
8569
9646
2105
4380
2669
8581
914
8191
6499
5801
6128
347
1899
4078
2220
7690
561
9896
8820
8584
3161
7155
6478
1788
3375
2066
8285
3580
5902
4086
3802
7008
9072
3895
8930
4483
342
6134
1778
860
9059
9692
6235
1396
9417
3762
6361
1609
8986
166
8370
8703
4098
9800
5185
2710
1382
276
3003
249
2347
5505
5536
4419
8456
3490
3417
5833
6246
518
6865
2563
607
7466
1466
5060
4856
4968
2082
9652
4627
2356
4382
2727
621
1993
6858
608
8678
2933
7294
7271
3220
9893
3041
648
4039
9927
7850
8001
5165
6871
7572
8070
6051
7407
8108
7873
865
7455
2948
898
4401
4691
6682
8406
351
3981
6980
7349
4551
1878
3
7063
8550
7726
4908
1414
4280
3864
9818
8435
7126
4615
5350
924
1363
6628
2973
9847
7578
3487
2499
7600
7333
4602
2113
6556
3793
1597
3084
7224
7750
7683
1397
5019
1294
5066
2327
8718
962
4759
1361
8329
9418
9285
7575
432
1442
8866
8102
3512
7918
8906
9843
7751
6825
3156
1036
3803
5405
3520
3397
7449
9889
1956
8119
7234
8332
7611
5210
402
2370
7154
496
6205
6259
6786
1718
4473
4620
5203
444
7971
7742
3576
4668
4320
8241
2530
8946
7693
6002
7822
1200
3786
9462
820
326
868
4270
8828
8458
4314
2554
1889
2450
9876
2218
8225
3837
8011
6655
3714
4719
762
9410
6437
4285
7567
1001
755
5462
9762
6475
9355
6173
4477
5790
4460
9261
1409
1917
5918
114
7755
5278
5939
8460
6855
4040
7766
9212
4725
7916
5935
6878
2186
464
7728
8710
1654
2362
949
4298
3552
1398
805
1829
6322
6821
4821
1568
7805
920
3605
3568
1151
6132
9489
3301
2309
5549
2314
7555
8859
6883
1529
9632
5141
1571
7806
5586
5363
7089
1549
6636
1366
1807
863
2005
7712
222
4237
4508
2141
4145
4890
4810
6036
184
9344
6538
6335
7077
1475
6658
4584
1487
7104
3188
2292
495
6680
277
9587
8313
7674
7389
4884
761
2791
5003
6521
6105
3057
2697
437
8827
6263
9330
9709
8302
6193
1486
9010
8646
3873
4464
5264
3845
6859
8719
728
7329
2411
6721
5336
4928
3353
2454
4596
7847
6163
8053
5379
543
2322
1255
9301
8393
3681
5034
2688
8723
1599
3168
7816
1921
9529
4652
3894
5031
9637
22
9158
1319
7380
8511
7547
8134
8631
7529
672
4032
5256
2738
7991
3934
5229
1020
6463
5632
2311
9644
8540
2575
2042
6022
4199
2244
1836
735
2965
6600
1320
3456
6653
4717
1572
8729
1107
9364
1553
1009
3926
1689
9911
8713
5097
7771
5109
7804
8912
5997
272
15
8962
6539
1672
1086
2156
1065
8586
3163
9849
9313
8082
9965
808
2013
5153
177
3119
6800
6237
5355
5728
4165
2858
2909
9152
4799
4346
4702
8431
8089
8660
5308
4361
5913
6086
6386
8203
3399
7084
7079
2409
8273
3250
6405
4082
9904
1828
3485
144
107
4429
5474
2233
8963
5860
4245
5643
4153
7754
7069
9887
2798
8821
7613
9669
7174
945
7164
2590
681
7653
2029
387
5779
3302
8539
8602
6000
6279
434
1188
6857
4422
3707
6110
1505
8439
3616
9414
3364
4705
5460
2168
3884
7617
1793
427
6482
2036
9922
2538
2431
1679
7944
2510
682
6286
7066
7100
6810
6414
6158
9561
9978
4519
6053
2298
9971
6175
3972
5086
5802
4390
9948
7364
6735
5374
5316
7292
5257
4492
7671
1903
5502
1686
7366
4267
8156
5636
2321
4156
1108
3503
1025
5849
1964
910
4964
9592
5846
7792
5320
3116
2019
5669
8732
1508
758
5223
5216
6177
9947
9885
9076
8081
4391
1854
3783
3543
5772
8324
275
8640
3379
7514
7128
2250
2436
9657
7277
3850
9926
4200
5242
4431
8529
968
8232
2549
4009
6666
3818
6118
9378
5784
4277
1333
3564
9155
5376
853
862
8564
4092
6625
2867
6708
657
5934
2281
4435
7378
7670
6097
3921
2109
9416
3993
3054
3197
8982
2444
7402
8229
3848
3791
6831
9605
8970
7232
5936
8510
5219
5309
7484
7988
3881
1115
3670
7158
5459
2359
5744
3453
2995
7502
1847
797
1435
5603
4434
5354
9514
5543
3113
3345
7002
2775
6834
6039
8072
1596
24
4718
1058
23
6553
265
917
6847
6365
5389
4565
3064
1209
5753
7900
975
6781
5401
7938
2069
6504
9329
352
5047
7920
9576
4400
5446
9707
134
295
4666
9651
2934
4420
7474
4651
5572
123
4290
6024
9217
2873
2796
4973
1120
900
9753
941
8740
8284
5707
7391
1612
8662
6208
6663
5124
5495
2392
6776
7209
3508
8648
7425
891
58
2834
9668
7120
6072
2465
7176
5194
807
3832
1651
7701
2361
5206
7970
4728
1892
8367
8341
8774
5018
3372
4135
1359
3215
7355
9013
8552
6215
1132
6071
8929
2272
6960
9907
2857
591
71
4991
