1321
1495
117
1602
1385
1976
1316
1360
1564
946
450
371
1795
1049
165
503
1292
95
1127
1725
1133
1243
1395
135
1888
208
1996
1611
505
1617
591
386
1382
954
1947
24
249
1692
1755
619
1752
203
1705
699
640
1584
1327
1682
1440
1731
1900
1864
617
1897
1857
1561
1531
555
1507
272
376
577
1448
222
412
1781
11
1437
1319
718
1217
1208
152
252
381
923
590
713
319
1758
1870
1450
1424
715
90
219
1935
730
795
1351
1896
709
1472
1033
1937
1745
1650
413
1481
1824
719
104
533
1296
1198
30
839
1688
1869
1549
1991
1995
121
793
1739
824
218
1469
1124
472
906
950
926
1210
540
44
562
1278
344
423
1231
374
298
569
1148
387
1579
103
22
1496
53
534
1392
679
520
416
1442
271
1401
809
964
1884
1835
567
726
517
1467
526
1004
199
1750
310
1369
781
1793
383
1143
492
987
29
139
1662
757
762
1577
794
1615
1511
1987
1407
1409
1754
498
876
620
810
1339
598
575
1505
895
1923
1760
195
674
1633
973
1664
1083
1698
1675
390
1161
191
1301
300
1558
1000
1912
1654
295
1555
935
304
1047
1904
1609
657
1135
497
1881
1922
1183
1477
1776
811
1041
1253
74
758
1828
1942
1177
1885
519
146
1463
1993
1157
1778
1195
1264
685
1140
902
774
1623
968
407
1523
111
443
1357
870
120
893
1434
1255
280
466
1028
1546
167
1282
1388
1249
1458
81
1397
686
927
1486
1616
999
1038
289
1154
1789
692
1072
368
1712
1098
1877
847
844
458
1879
453
783
1734
25
1829
83
1174
947
1971
1666
414
334
1200
1271
911
528
1306
19
179
448
1799
1949
487
102
440
266
1856
881
1559
1689
1861
132
1223
1733
1181
202
157
1941
1621
1962
915
1839
6
1212
1269
990
1024
710
257
1110
1847
52
542
31
800
1353
832
429
1854
525
938
550
1182
1570
822
790
1453
37
150
59
1769
1973
193
645
1687
178
681
804
184
1925
1998
1540
101
397
693
957
616
1484
231
1006
986
474
317
1652
1298
659
1309
455
1384
177
98
1673
207
1599
981
1232
185
1887
1607
1051
1062
708
837
691
516
417
803
457
740
1381
1116
1804
750
867
18
754
452
347
1030
1593
169
570
624
1620
1023
1880
1059
1548
1743
1821
1483
1120
1372
116
638
364
582
522
1604
1095
175
1180
1586
182
513
872
1040
1684
329
1576
1052
1983
2000
1492
1415
13
1113
1258
1817
682
1913
1865
1597
1146
1999
539
1284
287
362
919
1036
1060
589
608
194
1167
105
680
864
246
976
1814
934
651
1197
611
850
1818
1639
731
972
975
9
784
1155
1517
869
675
403
829
366
464
1984
796
1239
1378
1138
1211
548
879
148
285
1058
1112
1642
263
1389
1189
173
1078
1170
282
732
1672
188
1435
1333
787
801
874
865
1491
1667
277
332
305
490
1691
835
514
1882
1681
378
1256
1056
786
1313
435
445
420
892
136
761
33
1373
1980
1076
1412
396
1926
760
563
64
1790
1838
1349
1235
1614
1894
288
1860
814
1643
854
1960
1019
1819
771
1334
500
511
1176
1715
8
1498
1089
545
1259
297
1772
1122
1849
953
877
244
1550
1766
1233
1872
1214
253
767
1968
901
316
606
1050
87
1265
26
501
898
163
1852
1785
1811
1646
1175
1746
1504
812
1916
1476
721
736
57
235
1396
1855
819
343
1106
1337
1727
1086
1494
960
161
144
1391
1961
1447
245
10
543
1380
1320
1428
1520
1618
369
560
250
1801
425
446
286
764
1641
949
1234
60
1213
995
196
93
1876
1649
1079
1108
260
1254
1735
1944
15
489
141
656
241
1967
714
1016
398
882
401
1613
632
1119
1843
1626
1990
1719
370
1383
270
912
1377
663
1696
336
170
221
583
1938
1478
1336
1405
765
1002
1071
439
1756
379
848
1910
928
1929
855
346
1622
1203
1139
1908
99
79
1444
664
815
176
1034
1162
153
205
449
1497
1021
584
1845
56
1553
1005
1017
1596
1521
989
823
400
593
843
1761
351
1575
405
454
217
1815
1128
21
536
36
1502
1111
695
1274
1461
155
72
607
88
1826
365
1042
1953
1988
944
1726
426
729
1963
1294
204
354
1565
114
1822
197
225
292
1156
1470
557
1964
698
1663
275
1179
816
367
1813
499
1783
340
1513
419
189
1001
1899
1285
720
1989
1853
776
610
281
1977
1651
1526
1958
1387
1427
1979
1704
162
1411
1957
1365
2
1293
283
84
39
1940
314
1173
1951
1898
1084
983
1765
239
1314
296
1283
200
1812
1455
1820
1251
1338
180
55
1390
937
1784
1044
559
1400
766
705
1638
1954
1934
1518
92
1441
350
649
1931
1567
1171
662
510
1770
1529
1480
1736
311
1538
920
579
1012
1606
532
1832
660
775
537
751
1573
951
1248
1295
1759
574
561
897
1950
433
1503
1647
1345
125
834
1506
1574
484
20
896
1582
1073
431
888
258
630
380
1064
955
1465
860
110
1226
463
201
269
1362
341
1178
1055
243
741
1142
735
1186
192
1184
1297
853
728
830
1159
1010
126
475
1404
1863
1516
556
352
1741
1892
918
1578
1237
432
1827
1287
1840
802
137
996
886
859
626
780
1723
496
841
948
1069
1080
1569
1144
967
40
1952
1997
1848
618
1702
998
1732
1591
1280
1816
748
123
746
1240
1730
1796
1674
977
1717
1825
363
1640
1082
45
16
392
904
670
268
1975
1655
96
851
504
122
799
107
278
1528
322
1545
168
1063
1410
1032
1277
1837
1927
1244
994
1192
1583
313
1994
1572
247
174
689
1552
1533
1053
1364
1087
1721
1322
1379
134
1762
147
1446
621
1992
507
1710
171
690
1370
1966
724
564
1225
1153
894
145
1878
641
1670
644
631
581
1543
969
402
160
1665
712
1711
1268
1782
238
315
1509
267
623
1744
683
625
1245
1325
232
1595
333
1624
358
733
921
325
1462
1386
1103
1601
1850
1045
890
924
747
58
1933
43
599
777
702
224
265
138
1637
655
1267
493
69
1070
47
1612
1454
1703
1341
430
597
1307
470
251
669
1676
1196
573
1026
1085
166
1699
1241
1706
962
1906
62
1914
779
80
408
337
749
377
421
572
1773
14
1886
339
868
312
717
1464
1544
521
1542
509
427
1603
372
1510
1757
1792
5
359
1798
1443
85
156
49
831
1134
226
756
1238
410
992
1473
404
1547
187
1936
940
356
836
647
1874
900
460
1172
1917
471
1571
1035
1787
1485
1260
206
294
1738
1748
1093
1658
491
140
1737
529
1221
1220
1775
1242
63
1013
375
1039
1530
1117
778
1247
1535
1525
1806
1678
48
1224
1398
1460
1915
1836
1452
931
1786
483
622
1263
1402
1551
887
1343
856
668
70
1625
467
1457
1634
1677
595
1683
1317
213
596
909
1539
1487
1266
1846
1768
234
1075
703
1482
411
993
1598
1747
694
997
1158
361
696
1419
1421
1315
1204
211
1972
488
1841
1201
1115
880
554
256
639
1648
1911
299
459
451
355
389
1289
1557
406
82
907
1948
3
1431
671
551
309
306
512
248
210
518
159
1985
1708
1694
798
852
939
35
913
415
1163
1468
77
1660
1219
17
1810
653
1300
1118
1102
262
546
558
1823
1160
1729
1903
602
1031
1074
1475
688
1091
568
494
1406
1610
789
1104
1969
1088
1697
945
1587
1883
1187
1433
759
565
1541
1246
1449
86
672
1833
1262
1149
1594
338
393
1479
1471
838
1456
424
716
1066
943
1661
1335
1188
216
1008
552
604
821
223
1109
1007
1408
908
768
585
1690
119
1358
1288
1753
228
707
447
601
1299
394
1562
1366
128
1851
1227
1589
1207
827
1600
230
629
1426
922
1371
634
23
124
544
1
1742
1707
982
349
1794
481
515
395
1859
115
1310
255
1724
723
4
1749
229
1422
910
1332
833
845
752
27
665
1281
1534
357
1858
549
133
118
1420
666
1414
1522
68
1720
1493
1536
1199
1764
971
1329
963
684
737
722
1340
1092
576
181
1978
1417
1150
1027
932
1436
1326
603
233
899
826
727
586
535
1302
1981
941
41
1671
1359
291
1802
1627
127
106
1009
739
1096
857
94
293
1695
636
1393
428
1347
434
1165
578
553
318
214
444
143
51
1895
508
1554
1830
326
615
1771
807
1679
1807
1352
613
476
38
129
240
1355
808
198
384
442
772
422
254
818
1043
817
1924
1659
828
1190
1619
468
1862
1490
1022
50
637
473
172
1206
1350
1081
744
1581
678
76
914
773
755
991
770
385
1168
477
1779
1368
1099
1094
820
1303
237
1114
891
65
71
1920
273
884
323
353
1592
805
1318
1630
524
1236
978
1928
1722
1430
190
745
1714
1375
930
158
936
131
220
648
635
1014
1930
1376
324
1632
763
654
215
399
1413
1777
1152
1151
303
1101
1474
1800
1653
1137
1403
849
112
1875
1445
1025
307
863
958
1939
1588
961
959
1907
1585
1563
1054
7
742
885
594
1590
1955
1902
706
1439
1363
1568
905
330
1418
743
1057
1003
1100
1216
227
523
1512
327
1399
42
1429
1276
276
1890
966
1889
465
1868
482
335
1560
788
1905
388
382
259
28
916
436
1631
980
530
1556
462
1029
1312
1250
360
331
1145
78
1809
643
1628
32
1261
580
1780
506
970
862
418
942
1125
646
1166
91
1018
1803
308
469
67
1090
242
1374
1774
1015
1844
813
825
1061
1970
846
75
1668
274
409
614
1275
1308
1685
956
1215
677
1608
1805
1361
100
1788
321
1222
186
711
782
605
1311
1193
1500
1272
284
753
929
1965
527
1636
109
806
1356
609
1943
1432
627
797
1680
1011
1209
108
302
875
1921
1686
588
1580
861
1946
1514
1645
925
1842
1123
1270
1279
1740
1205
769
151
1635
485
1136
1164
34
700
1331
1048
658
1644
1982
54
1394
1130
113
676
1131
538
661
478
1959
1763
320
985
652
1501
871
1669
785
1121
1230
531
873
73
1229
456
1866
1909
1228
46
461
438
1290
1873
264
236
1202
261
1605
1348
1751
479
1488
1831
587
667
1532
149
984
633
1956
1291
480
1273
974
571
541
373
1566
290
952
1808
1499
979
1097
1304
628
1132
1974
1141
883
1867
1330
437
391
486
502
650
687
1527
1425
1065
12
1537
97
1305
1791
1105
889
1918
1629
1797
1346
566
701
1126
878
1701
1046
704
345
1466
441
600
342
1324
1286
1194
1657
1068
933
279
1891
1728
209
1767
734
738
1107
212
1342
1986
1129
903
130
1893
1185
1077
1524
1067
1515
1932
917
592
1489
1252
1037
1716
791
547
1945
792
1354
840
1693
1423
164
697
1656
1871
1451
89
1344
1901
1328
1257
1438
1834
1367
183
142
66
1020
673
61
1147
1508
1191
1713
842
1459
858
301
1416
154
348
1919
1718
1709
965
495
866
988
1519
642
1218
1169
328
612
725
1323
1700