828
171
840
952
3
639
743
78
894
494
986
774
507
219
13
140
613
186
485
970
943
210
52
560
661
948
282
946
820
134
617
597
623
765
161
393
598
172
423
616
684
817
83
335
447
500
141
444
280
687
496
979
388
842
61
166
107
899
773
533
7
827
547
524
528
611
48
911
296
945
92
258
347
756
845
711
804
521
364
205
689
45
170
279
672
570
53
270
292
734
669
266
545
73
801
202
322
825
477
187
212
389
994
717
330
484
403
824
323
131
411
120
454
457
868
785
610
783
245
732
332
585
673
763
155
721
686
117
358
406
704
4
218
563
905
735
624
697
886
34
66
257
944
965
579
725
797
851
152
787
796
242
428
929
79
49
802
966
491
793
50
55
889
135
767
440
941
138
859
130
157
295
862
622
256
772
448
275
44
468
953
681
237
113
609
795
818
788
870
366
349
471
478
82
676
902
667
373
938
116
993
985
879
488
51
808
136
692
626
196
416
849
877
981
544
896
127
232
261
875
408
265
137
42
638
409
104
640
246
536
618
497
305
239
678
832
430
512
518
523
328
758
223
309
5
881
418
235
324
163
240
642
955
86
643
90
582
991
329
354
489
625
492
438
969
24
385
855
43
631
708
75
591
72
615
509
475
857
846
209
14
192
189
799
823
612
60
382
374
906
466
327
311
133
508
376
93
619
698
974
863
226
909
891
564
690
433
455
461
515
15
608
476
558
460
96
702
532
356
641
318
112
848
33
535
139
960
387
419
109
811
115
947
451
589
759
287
680
371
603
928
381
839
771
185
394
241
595
38
511
199
16
809
74
437
306
647
272
907
917
71
751
81
656
716
479
316
206
561
359
834
604
983
858
114
744
415
483
937
736
880
450
20
776
69
200
749
565
326
741
268
46
244
527
47
191
601
700
398
144
308
583
709
119
10
520
350
203
930
263
973
942
578
806
19
182
98
668
221
370
587
184
961
380
826
435
739
695
22
179
465
259
693
650
229
8
498
670
888
501
883
156
298
503
255
957
111
556
76
188
445
542
813
145
856
956
194
325
714
17
25
369
651
336
637
792
384
645
549
903
807
760
340
600
674
88
63
569
357
97
499
463
519
453
580
383
264
216
748
584
6
921
424
901
254
391
555
958
593
310
541
761
142
300
819
876
168
719
798
815
588
2
429
289
269
281
28
920
605
225
247
176
278
128
726
657
810
317
481
890
338
746
649
502
718
399
422
935
660
236
11
339
103
67
575
814
833
688
108
248
276
627
251
989
893
546
630
658
464
837
250
102
159
729
505
487
634
662
80
253
551
21
897
392
238
586
31
747
469
480
539
231
663
183
89
100
167
954
753
40
362
222
576
94
341
852
402
285
933
800
105
434
568
636
271
635
390
922
530
733
919
148
30
844
843
313
446
522
731
829
768
775
892
720
9
752
190
467
865
486
577
779
764
213
215
425
982
696
59
64
940
592
620
677
452
413
294
977
334
175
918
878
963
99
951
301
835
869
777
666
147
77
838
173
540
420
149
581
557
822
307
803
665
538
841
154
303
738
778
436
472
1000
574
860
333
211
932
567
441
912
701
360
931
395
884
162
174
998
233
816
193
632
648
988
871
299
646
516
372
742
456
180
975
904
361
655
396
342
996
916
319
836
37
426
252
337
95
786
304
397
671
302
602
872
926
895
562
118
125
694
234
559
534
882
713
400
201
728
293
572
853
553
805
995
554
727
964
543
365
178
363
377
607
791
566
992
506
629
474
449
57
181
297
220
552
375
864
412
283
122
106
91
177
682
274
35
368
70
691
723
12
664
32
286
414
353
459
976
789
854
812
754
683
908
405
160
367
217
571
204
417
517
537
831
249
462
654
967
887
407
525
927
984
165
874
699
129
978
290
401
987
198
614
590
331
750
421
143
23
596
529
782
29
195
526
705
990
348
230
997
755
495
550
284
432
410
123
404
781
84
68
548
260
214
652
606
850
934
208
470
685
352
427
146
158
312
830
962
923
39
207
379
36
150
355
621
442
151
861
85
968
573
712
458
197
531
26
950
314
18
321
288
790
722
972
273
54
320
915
493
351
757
58
633
267
628
346
227
980
936
378
710
913
766
110
87
971
898
599
594
794
821
737
780
169
724
866
885
924
132
124
277
224
847
900
315
62
784
914
653
243
910
101
959
439
999
41
65
121
679
56
490
873
770
482
644
745
762
343
1
344
675
431
703
867
504
706
262
386
27
473
939
707
510
949
925
740
715
514
291
126
730
153
345
164
769
513
228
659
443