500
48
481
21
136
42
496
40
93
478
457
225
241
399
161
416
141
456
382
446
480
313
299
274
187
61
39
489
224
354
152
73
213
499
164
495
316
429
30
215
132
414
3
203
358
153
71
267
398
255
369
428
52
31
484
432
419
476
24
460
256
288
321
170
253
191
57
32
227
67
219
68
330
488
80
494
285
287
230
181
455
491
43
38
198
229
53
339
169
328
380
216
292
434
402
264
60
298
47
493
378
70
413
341
325
317
234
9
318
172
444
351
376
176
65
146
90
221
344
37
96
51
355
171
23
357
116
226
19
370
263
349
232
350
143
63
4
189
300
368
379
13
202
174
407
100
148
400
304
196
142
200
371
72
289
337
34
389
188
257
86
497
397
335
424
483
266
473
431
168
310
280
401
315
395
427
365
261
97
183
77
485
109
282
448
359
88
120
167
83
465
194
405
467
29
468
103
425
309
82
101
361
433
279
336
249
462
437
410
246
10
479
228
180
390
248
486
156
273
452
2
377
374
307
46
340
211
33
35
303
199
258
245
58
59
237
117
81
464
353
205
301
27
78
223
296
95
145
126
260
247
442
408
472
348
140
12
362
84
295
439
331
179
386
124
231
275
56
319
76
291
394
128
135
129
392
160
346
15
69
375
276
193
281
312
490
54
177
62
185
166
360
158
238
115
272
372
447
440
244
99
463
270
125
415
461
165
290
222
50
271
393
262
381
406
417
207
302
384
283
104
111
217
284
209
192
201
343
66
403
459
155
329
123
259
449
422
157
308
26
293
110
254
236
391
363
492
242
98
356
154
195
306
91
175
235
107
17
28
64
451
326
396
305
178
252
240
294
151
265
438
338
466
471
212
118
131
404
18
121
184
49
41
385
162
373
44
332
6
133
16
334
409
94
149
418
45
190
333
366
482
74
163
251
469
430
470
347
119
243
79
214
345
206
137
102
173
8
7
150
127
411
477
144
311
352
25
182
22
342
435
147
239
327
364
113
436
208
233
220
387
269
498
204
75
108
450
286
14
130
159
445
454
197
412
443
367
1
297
106
186
114
324
55
383
105
475
112
388
322
420
11
138
87
278
277
250
139
20
85
268
421
36
487
314
323
426
458
474
122
210
441
5
92
134
89
320
423
218
453
